# ell, T_ell
0.000000000000000000e+00 1.000000000000000048e-04
1.000000000000000000e+00 1.000000000000000048e-04
2.000000000000000000e+00 5.700811189171855120e-04
3.000000000000000000e+00 1.522600541138187250e-03
4.000000000000000000e+00 3.054995799776359308e-03
5.000000000000000000e+00 5.236101404097969446e-03
6.000000000000000000e+00 8.117663985788703060e-03
7.000000000000000000e+00 1.173645243227295319e-02
8.000000000000000000e+00 1.611540545013476211e-02
9.000000000000000000e+00 2.126450199718898579e-02
1.000000000000000000e+01 2.718163993606281803e-02
1.100000000000000000e+01 3.385364409085660914e-02
1.200000000000000000e+01 4.125744144054167145e-02
1.300000000000000000e+01 4.936139281617366731e-02
1.400000000000000000e+01 5.812674146043311091e-02
1.500000000000000000e+01 6.750912293614677595e-02
1.600000000000000000e+01 7.746007503211260747e-02
1.700000000000000000e+01 8.792848830990972198e-02
1.800000000000000000e+01 9.886194572890467935e-02
1.900000000000000000e+01 1.102079113550444855e-01
2.000000000000000000e+01 1.219147415709477406e-01
2.100000000000000000e+01 1.339325057650689044e-01
2.200000000000000000e+01 1.462136158510168593e-01
2.300000000000000000e+01 1.587132742452579681e-01
2.400000000000000000e+01 1.713897576307832626e-01
2.500000000000000000e+01 1.842045588498730513e-01
2.600000000000000000e+01 1.971224117850819690e-01
2.700000000000000000e+01 2.101112244805060092e-01
2.800000000000000000e+01 2.231419445008023805e-01
2.900000000000000000e+01 2.361883781204938693e-01
3.000000000000000000e+01 2.492269818433599793e-01
3.100000000000000000e+01 2.622366413643693051e-01
3.200000000000000000e+01 2.751984497121455209e-01
3.300000000000000000e+01 2.880954931682243036e-01
3.400000000000000000e+01 3.009126507899489433e-01
3.500000000000000000e+01 3.136364110389612270e-01
3.600000000000000000e+01 3.262547071564598777e-01
3.700000000000000000e+01 3.387567715114721545e-01
3.800000000000000000e+01 3.511330081362340483e-01
3.900000000000000000e+01 3.633748819964439658e-01
4.000000000000000000e+01 3.754748231611109710e-01
4.100000000000000000e+01 3.874261438750820630e-01
4.200000000000000000e+01 3.992229665397796778e-01
4.300000000000000000e+01 4.108601607240818243e-01
4.400000000000000000e+01 4.223332875155708099e-01
4.500000000000000000e+01 4.336385497490692909e-01
4.600000000000000000e+01 4.447727468888229563e-01
4.700000000000000000e+01 4.557332335744637697e-01
4.800000000000000000e+01 4.665178810566223966e-01
4.900000000000000000e+01 4.771250409383592239e-01
5.000000000000000000e+01 4.875535107999689477e-01
5.100000000000000000e+01 4.978025014165186612e-01
5.200000000000000000e+01 5.078716053811238584e-01
5.300000000000000000e+01 5.177607670251027638e-01
5.400000000000000000e+01 5.274702535821670368e-01
5.500000000000000000e+01 5.370006275813635765e-01
5.600000000000000000e+01 5.463527204762078648e-01
5.700000000000000000e+01 5.555276075286882387e-01
5.800000000000000000e+01 5.645265839695993160e-01
5.900000000000000000e+01 5.733511424534861733e-01
6.000000000000000000e+01 5.820029518195023455e-01
6.100000000000000000e+01 5.904838371603010616e-01
6.200000000000000000e+01 5.987957611910210698e-01
6.300000000000000000e+01 6.069408069003691120e-01
6.400000000000000000e+01 6.149211614564126238e-01
6.500000000000000000e+01 6.227391013313503532e-01
6.600000000000000000e+01 6.303969786024862243e-01
6.700000000000000000e+01 6.378972083809272275e-01
6.800000000000000000e+01 6.452422573152059027e-01
6.900000000000000000e+01 6.524346331139575517e-01
7.000000000000000000e+01 6.594768750298894977e-01
7.100000000000000000e+01 6.663715452463896405e-01
7.200000000000000000e+01 6.731212211081064600e-01
7.300000000000000000e+01 6.797284881375330601e-01
7.400000000000000000e+01 6.861959337809215853e-01
7.500000000000000000e+01 6.925261418285902915e-01
7.600000000000000000e+01 6.987216874567921954e-01
7.700000000000000000e+01 7.047851328406489202e-01
7.800000000000000000e+01 7.107190232901889893e-01
7.900000000000000000e+01 7.165258838641407335e-01
8.000000000000000000e+01 7.222082164188211584e-01
8.100000000000000000e+01 7.277684970521406393e-01
8.200000000000000000e+01 7.332091739054060753e-01
8.300000000000000000e+01 7.385326652882050480e-01
8.400000000000000000e+01 7.437413580941929503e-01
8.500000000000000000e+01 7.488376064780356556e-01
8.600000000000000000e+01 7.538237307661076470e-01
8.700000000000000000e+01 7.587020165757754064e-01
8.800000000000000000e+01 7.634747141202137266e-01
8.900000000000000000e+01 7.681440376777063372e-01
9.000000000000000000e+01 7.727121652062693968e-01
9.100000000000000000e+01 7.771812380861985448e-01
9.200000000000000000e+01 7.815533609748097632e-01
9.300000000000000000e+01 7.858306017591630832e-01
9.400000000000000000e+01 7.900149915940094525e-01
9.500000000000000000e+01 7.941085250135125895e-01
9.600000000000000000e+01 7.981131601065213355e-01
9.700000000000000000e+01 8.020308187462942273e-01
9.800000000000000000e+01 8.058633868665996403e-01
9.900000000000000000e+01 8.096127147770598720e-01
1.000000000000000000e+02 8.132806175114546399e-01
1.010000000000000000e+02 8.168688752034795053e-01
1.020000000000000000e+02 8.203792334851471857e-01
1.030000000000000000e+02 8.238134039036525413e-01
1.040000000000000000e+02 8.271730643530791349e-01
1.050000000000000000e+02 8.304598595178368514e-01
1.060000000000000000e+02 8.336754013251524986e-01
1.070000000000000000e+02 8.368212694043418720e-01
1.080000000000000000e+02 8.398990115509321619e-01
1.090000000000000000e+02 8.429101441940072270e-01
1.100000000000000000e+02 8.458561528654185979e-01
1.110000000000000000e+02 8.487384926697267851e-01
1.120000000000000000e+02 8.515585887539431909e-01
1.130000000000000000e+02 8.543178367763041292e-01
1.140000000000000000e+02 8.570176033734598908e-01
1.150000000000000000e+02 8.596592266255767001e-01
1.160000000000000000e+02 8.622440165189546590e-01
1.170000000000000000e+02 8.647732554058502608e-01
1.180000000000000000e+02 8.672481984612508965e-01
1.190000000000000000e+02 8.696700741364247200e-01
1.200000000000000000e+02 8.720400846090887725e-01
1.210000000000000000e+02 8.743594062300918957e-01
1.220000000000000000e+02 8.766291899665311638e-01
1.230000000000000000e+02 8.788505618412330023e-01
1.240000000000000000e+02 8.810246233685558037e-01
1.250000000000000000e+02 8.831524519864702993e-01
1.260000000000000000e+02 8.852351014848881539e-01
1.270000000000000000e+02 8.872736024302061431e-01
1.280000000000000000e+02 8.892689625860349389e-01
1.290000000000000000e+02 8.912221673300863012e-01
1.300000000000000000e+02 8.931341800671801501e-01
1.310000000000000000e+02 8.950059426383384364e-01
1.320000000000000000e+02 8.968383757259278388e-01
1.330000000000000000e+02 8.986323792548013278e-01
1.340000000000000000e+02 9.003888327894004062e-01
1.350000000000000000e+02 9.021085959267605148e-01
1.360000000000000000e+02 9.037925086853703105e-01
1.370000000000000000e+02 9.054413918898248648e-01
1.380000000000000000e+02 9.070560475512223775e-01
1.390000000000000000e+02 9.086372592432326867e-01
1.400000000000000000e+02 9.101857924737896122e-01
1.410000000000000000e+02 9.117023950523389653e-01
1.420000000000000000e+02 9.131877974525823838e-01
1.430000000000000000e+02 9.146427131706619251e-01
1.440000000000000000e+02 9.160678390787225789e-01
1.450000000000000000e+02 9.174638557737990752e-01
1.460000000000000000e+02 9.188314279219738090e-01
1.470000000000000000e+02 9.201712045977546994e-01
1.480000000000000000e+02 9.214838196186260211e-01
1.490000000000000000e+02 9.227698918747272439e-01
1.500000000000000000e+02 9.240300256536239099e-01
1.510000000000000000e+02 9.252648109601303572e-01
1.520000000000000000e+02 9.264748238311560913e-01
1.530000000000000000e+02 9.276606266455500460e-01
1.540000000000000000e+02 9.288227684289166453e-01
1.550000000000000000e+02 9.299617851533911184e-01
1.560000000000000000e+02 9.310782000323588603e-01
1.570000000000000000e+02 9.321725238101121747e-01
1.580000000000000000e+02 9.332452550464407359e-01
1.590000000000000000e+02 9.342968803961576585e-01
1.600000000000000000e+02 9.353278748835678336e-01
1.610000000000000000e+02 9.363387021718899694e-01
1.620000000000000000e+02 9.373298148276448805e-01
1.630000000000000000e+02 9.383016545800338948e-01
1.640000000000000000e+02 9.392546525753259212e-01
1.650000000000000000e+02 9.401892296262849280e-01
1.660000000000000000e+02 9.411057964566675871e-01
1.670000000000000000e+02 9.420047539408237247e-01
1.680000000000000000e+02 9.428864933384420999e-01
1.690000000000000000e+02 9.437513965244822556e-01
1.700000000000000000e+02 9.445998362143317451e-01
1.710000000000000000e+02 9.454321761842437999e-01
1.720000000000000000e+02 9.462487714871009592e-01
1.730000000000000000e+02 9.470499686635575065e-01
1.740000000000000000e+02 9.478361059486181128e-01
1.750000000000000000e+02 9.486075134737058656e-01
1.760000000000000000e+02 9.493645134642815231e-01
1.770000000000000000e+02 9.501074204330738349e-01
1.780000000000000000e+02 9.508365413689818801e-01
1.790000000000000000e+02 9.515521759217139275e-01
1.800000000000000000e+02 9.522546165822282083e-01
1.810000000000000000e+02 9.529441488590393305e-01
1.820000000000000000e+02 9.536210514504593894e-01
1.830000000000000000e+02 9.542855964128373891e-01
1.840000000000000000e+02 9.549380493248725843e-01
1.850000000000000000e+02 9.555786694480602472e-01
1.860000000000000000e+02 9.562077098833469124e-01
1.870000000000000000e+02 9.568254177240606007e-01
1.880000000000000000e+02 9.574320342051866328e-01
1.890000000000000000e+02 9.580277948490563134e-01
1.900000000000000000e+02 9.586129296075217576e-01
1.910000000000000000e+02 9.591876630006810345e-01
1.920000000000000000e+02 9.597522142522282307e-01
1.930000000000000000e+02 9.603067974214903879e-01
1.940000000000000000e+02 9.608516215322261411e-01
1.950000000000000000e+02 9.613868906982486751e-01
1.960000000000000000e+02 9.619128042459436090e-01
1.970000000000000000e+02 9.624295568337458695e-01
1.980000000000000000e+02 9.629373385686429421e-01
1.990000000000000000e+02 9.634363351197703373e-01
2.000000000000000000e+02 9.639267278291620000e-01
2.010000000000000000e+02 9.644086938197200531e-01
2.020000000000000000e+02 9.648824061004678265e-01
2.030000000000000000e+02 9.653480336691472319e-01
2.040000000000000000e+02 9.658057416122206584e-01
2.050000000000000000e+02 9.662556912023413380e-01
2.060000000000000000e+02 9.666980399933461365e-01
2.070000000000000000e+02 9.671329419128346094e-01
2.080000000000000000e+02 9.675605473523868350e-01
2.090000000000000000e+02 9.679810032554810872e-01
2.100000000000000000e+02 9.683944532031625307e-01
2.110000000000000000e+02 9.688010374975203343e-01
2.120000000000000000e+02 9.692008932430260515e-01
2.130000000000000000e+02 9.695941544257845601e-01
2.140000000000000000e+02 9.699809519907506283e-01
2.150000000000000000e+02 9.703614139169585151e-01
2.160000000000000000e+02 9.707356652908202266e-01
2.170000000000000000e+02 9.711038283775321744e-01
2.180000000000000000e+02 9.714660226906453033e-01
2.190000000000000000e+02 9.718223650598405428e-01
2.200000000000000000e+02 9.721729696969574341e-01
2.210000000000000000e+02 9.725179482603176773e-01
2.220000000000000000e+02 9.728574099173904477e-01
2.230000000000000000e+02 9.731914614058391200e-01
2.240000000000000000e+02 9.735202070929913631e-01
2.250000000000000000e+02 9.738437490337759073e-01
2.260000000000000000e+02 9.741621870271607309e-01
2.270000000000000000e+02 9.744756186711359680e-01
2.280000000000000000e+02 9.747841394162762851e-01
2.290000000000000000e+02 9.750878426179222513e-01
2.300000000000000000e+02 9.753868195870137869e-01
2.310000000000000000e+02 9.756811596396119945e-01
2.320000000000000000e+02 9.759709501451464542e-01
2.330000000000000000e+02 9.762562765734159598e-01
2.340000000000000000e+02 9.765372225403804451e-01
2.350000000000000000e+02 9.768138698527729646e-01
2.360000000000000000e+02 9.770862985515637034e-01
2.370000000000000000e+02 9.773545869543066589e-01
2.380000000000000000e+02 9.776188116963968611e-01
2.390000000000000000e+02 9.778790477712702156e-01
2.400000000000000000e+02 9.781353685695691746e-01
2.410000000000000000e+02 9.783878459173070974e-01
2.420000000000000000e+02 9.786365501130519506e-01
2.430000000000000000e+02 9.788815499641611018e-01
2.440000000000000000e+02 9.791229128220870770e-01
2.450000000000000000e+02 9.793607046167852603e-01
2.460000000000000000e+02 9.795949898902387432e-01
2.470000000000000000e+02 9.798258318291327429e-01
2.480000000000000000e+02 9.800532922966948002e-01
2.490000000000000000e+02 9.802774318637265116e-01
2.500000000000000000e+02 9.804983098388463381e-01
2.510000000000000000e+02 9.807159842979648046e-01
2.520000000000000000e+02 9.809305121130146299e-01
2.530000000000000000e+02 9.811419489799511062e-01
2.540000000000000000e+02 9.813503494460471543e-01
2.550000000000000000e+02 9.815557669364980420e-01
2.560000000000000000e+02 9.817582537803565268e-01
2.570000000000000000e+02 9.819578612358140779e-01
2.580000000000000000e+02 9.821546395148486042e-01
2.590000000000000000e+02 9.823486378072506797e-01
2.600000000000000000e+02 9.825399043040509151e-01
2.610000000000000000e+02 9.827284862203585769e-01
2.620000000000000000e+02 9.829144298176305528e-01
2.630000000000000000e+02 9.830977804253859809e-01
2.640000000000000000e+02 9.832785824623774262e-01
2.650000000000000000e+02 9.834568794572376982e-01
2.660000000000000000e+02 9.836327140686139670e-01
2.670000000000000000e+02 9.838061281048012807e-01
2.680000000000000000e+02 9.839771625428918034e-01
2.690000000000000000e+02 9.841458575474509862e-01
2.700000000000000000e+02 9.843122524887314428e-01
2.710000000000000000e+02 9.844763859604411804e-01
2.720000000000000000e+02 9.846382957970721828e-01
2.730000000000000000e+02 9.847980190908057763e-01
2.740000000000000000e+02 9.849555922080037718e-01
2.750000000000000000e+02 9.851110508052958181e-01
2.760000000000000000e+02 9.852644298452742921e-01
2.770000000000000000e+02 9.854157636118076047e-01
2.780000000000000000e+02 9.855650857249805830e-01
2.790000000000000000e+02 9.857124291556713658e-01
2.800000000000000000e+02 9.858578262397780234e-01
2.810000000000000000e+02 9.860013086920972336e-01
2.820000000000000000e+02 9.861429076198721111e-01
2.830000000000000000e+02 9.862826535360095237e-01
2.840000000000000000e+02 9.864205763719837705e-01
2.850000000000000000e+02 9.865567054904277322e-01
2.860000000000000000e+02 9.866910696974232620e-01
2.870000000000000000e+02 9.868236972544983665e-01
2.880000000000000000e+02 9.869546158903376165e-01
2.890000000000000000e+02 9.870838528122134470e-01
2.900000000000000000e+02 9.872114347171474513e-01
2.910000000000000000e+02 9.873373878028042228e-01
2.920000000000000000e+02 9.874617377781297334e-01
2.930000000000000000e+02 9.875845098737383587e-01
2.940000000000000000e+02 9.877057288520521006e-01
2.950000000000000000e+02 9.878254190172063298e-01
2.960000000000000000e+02 9.879436042247174976e-01
2.970000000000000000e+02 9.880603078909290238e-01
2.980000000000000000e+02 9.881755530022328093e-01
2.990000000000000000e+02 9.882893621240779192e-01
3.000000000000000000e+02 9.884017574097678782e-01
3.010000000000000000e+02 9.885127606090543528e-01
3.020000000000000000e+02 9.886223930765326573e-01
3.030000000000000000e+02 9.887306757798400847e-01
3.040000000000000000e+02 9.888376293076671653e-01
3.050000000000000000e+02 9.889432738775839615e-01
3.060000000000000000e+02 9.890476293436863964e-01
3.070000000000000000e+02 9.891507152040656115e-01
3.080000000000000000e+02 9.892525506081089048e-01
3.090000000000000000e+02 9.893531543636323589e-01
3.100000000000000000e+02 9.894525449438491549e-01
3.110000000000000000e+02 9.895507404941836782e-01
3.120000000000000000e+02 9.896477588389264168e-01
3.130000000000000000e+02 9.897436174877402015e-01
3.140000000000000000e+02 9.898383336420200074e-01
3.150000000000000000e+02 9.899319242011075382e-01
3.160000000000000000e+02 9.900244057683665888e-01
3.170000000000000000e+02 9.901157946571231827e-01
3.180000000000000000e+02 9.902061068964699286e-01
3.190000000000000000e+02 9.902953582369432572e-01
3.200000000000000000e+02 9.903835641560716496e-01
3.210000000000000000e+02 9.904707398638028515e-01
3.220000000000000000e+02 9.905569003078072976e-01
3.230000000000000000e+02 9.906420601786670721e-01
3.240000000000000000e+02 9.907262339149474073e-01
3.250000000000000000e+02 9.908094357081588255e-01
3.260000000000000000e+02 9.908916795076067041e-01
3.270000000000000000e+02 9.909729790251380344e-01
3.280000000000000000e+02 9.910533477397809321e-01
3.290000000000000000e+02 9.911327989022837848e-01
3.300000000000000000e+02 9.912113455395555883e-01
3.310000000000000000e+02 9.912890004590092508e-01
3.320000000000000000e+02 9.913657762528101935e-01
3.330000000000000000e+02 9.914416853020324716e-01
3.340000000000000000e+02 9.915167397807267413e-01
3.350000000000000000e+02 9.915909516598974127e-01
3.360000000000000000e+02 9.916643327113968676e-01
3.370000000000000000e+02 9.917368945117344126e-01
3.380000000000000000e+02 9.918086484458034091e-01
3.390000000000000000e+02 9.918796057105289110e-01
3.400000000000000000e+02 9.919497773184389189e-01
3.410000000000000000e+02 9.920191741011561426e-01
3.420000000000000000e+02 9.920878067128174882e-01
3.430000000000000000e+02 9.921556856334229346e-01
3.440000000000000000e+02 9.922228211721090263e-01
3.450000000000000000e+02 9.922892234703563075e-01
3.460000000000000000e+02 9.923549025051290329e-01
3.470000000000000000e+02 9.924198680919470439e-01
3.480000000000000000e+02 9.924841298878951390e-01
3.490000000000000000e+02 9.925476973945679404e-01
3.500000000000000000e+02 9.926105799609542535e-01
3.510000000000000000e+02 9.926727867862600307e-01
3.520000000000000000e+02 9.927343269226747147e-01
3.530000000000000000e+02 9.927952092780770732e-01
3.540000000000000000e+02 9.928554426186878556e-01
3.550000000000000000e+02 9.929150355716660492e-01
3.560000000000000000e+02 9.929739966276523999e-01
3.570000000000000000e+02 9.930323341432587547e-01
3.580000000000000000e+02 9.930900563435097750e-01
3.590000000000000000e+02 9.931471713242302490e-01
3.600000000000000000e+02 9.932036870543875517e-01
3.610000000000000000e+02 9.932596113783839220e-01
3.620000000000000000e+02 9.933149520183026659e-01
3.630000000000000000e+02 9.933697165761090631e-01
3.640000000000000000e+02 9.934239125358056421e-01
3.650000000000000000e+02 9.934775472655460460e-01
3.660000000000000000e+02 9.935306280197032658e-01
3.670000000000000000e+02 9.935831619408989068e-01
3.680000000000000000e+02 9.936351560619902656e-01
3.690000000000000000e+02 9.936866173080168840e-01
3.700000000000000000e+02 9.937375524981106878e-01
3.710000000000000000e+02 9.937879683473659354e-01
3.720000000000000000e+02 9.938378714686709747e-01
3.730000000000000000e+02 9.938872683745070269e-01
3.740000000000000000e+02 9.939361654787081113e-01
3.750000000000000000e+02 9.939845690981883308e-01
3.760000000000000000e+02 9.940324854546326305e-01
3.770000000000000000e+02 9.940799206761564699e-01
3.780000000000000000e+02 9.941268807989325218e-01
3.790000000000000000e+02 9.941733717687838423e-01
3.800000000000000000e+02 9.942193994427478421e-01
3.810000000000000000e+02 9.942649695906092822e-01
3.820000000000000000e+02 9.943100878964008515e-01
3.830000000000000000e+02 9.943547599598797637e-01
3.840000000000000000e+02 9.943989912979697143e-01
3.850000000000000000e+02 9.944427873461797462e-01
3.860000000000000000e+02 9.944861534599930275e-01
3.870000000000000000e+02 9.945290949162296501e-01
3.880000000000000000e+02 9.945716169143828944e-01
3.890000000000000000e+02 9.946137245779302916e-01
3.900000000000000000e+02 9.946554229556200388e-01
3.910000000000000000e+02 9.946967170227308808e-01
3.920000000000000000e+02 9.947376116823102299e-01
3.930000000000000000e+02 9.947781117663869743e-01
3.940000000000000000e+02 9.948182220371627471e-01
3.950000000000000000e+02 9.948579471881786596e-01
3.960000000000000000e+02 9.948972918454628278e-01
3.970000000000000000e+02 9.949362605686532524e-01
3.980000000000000000e+02 9.949748578521013798e-01
3.990000000000000000e+02 9.950130881259541260e-01
4.000000000000000000e+02 9.950509557572163599e-01
4.010000000000000000e+02 9.950884650507924034e-01
4.020000000000000000e+02 9.951256202505094350e-01
4.030000000000000000e+02 9.951624255401206876e-01
4.040000000000000000e+02 9.951988850442905488e-01
4.050000000000000000e+02 9.952350028295607887e-01
4.060000000000000000e+02 9.952707829052996891e-01
4.070000000000000000e+02 9.953062292246340759e-01
4.080000000000000000e+02 9.953413456853619223e-01
4.090000000000000000e+02 9.953761361308505196e-01
4.100000000000000000e+02 9.954106043509171053e-01
4.110000000000000000e+02 9.954447540826936169e-01
4.120000000000000000e+02 9.954785890114751234e-01
4.130000000000000000e+02 9.955121127715536034e-01
4.140000000000000000e+02 9.955453289470356237e-01
4.150000000000000000e+02 9.955782410726464748e-01
4.160000000000000000e+02 9.956108526345183174e-01
4.170000000000000000e+02 9.956431670709643411e-01
4.180000000000000000e+02 9.956751877732399336e-01
4.190000000000000000e+02 9.957069180862889723e-01
4.200000000000000000e+02 9.957383613094777930e-01
4.210000000000000000e+02 9.957695206973147251e-01
4.220000000000000000e+02 9.958003994601575259e-01
4.230000000000000000e+02 9.958310007649083806e-01
4.240000000000000000e+02 9.958613277356954674e-01
4.250000000000000000e+02 9.958913834545438659e-01
4.260000000000000000e+02 9.959211709620335862e-01
4.270000000000000000e+02 9.959506932579459404e-01
4.280000000000000000e+02 9.959799533018984796e-01
4.290000000000000000e+02 9.960089540139692721e-01
4.300000000000000000e+02 9.960376982753095243e-01
4.310000000000000000e+02 9.960661889287462101e-01
4.320000000000000000e+02 9.960944287793727092e-01
4.330000000000000000e+02 9.961224205951318966e-01
4.340000000000000000e+02 9.961501671073845765e-01
4.350000000000000000e+02 9.961776710114725875e-01
4.360000000000000000e+02 9.962049349672695842e-01
4.370000000000000000e+02 9.962319615997223821e-01
4.380000000000000000e+02 9.962587534993844196e-01
4.390000000000000000e+02 9.962853132229376740e-01
4.400000000000000000e+02 9.963116432937075828e-01
4.410000000000000000e+02 9.963377462021677511e-01
4.420000000000000000e+02 9.963636244064374425e-01
4.430000000000000000e+02 9.963892803327690784e-01
4.440000000000000000e+02 9.964147163760271875e-01
4.450000000000000000e+02 9.964399349001623607e-01
4.460000000000000000e+02 9.964649382386717713e-01
4.470000000000000000e+02 9.964897286950568089e-01
4.480000000000000000e+02 9.965143085432699444e-01
4.490000000000000000e+02 9.965386800281553770e-01
4.500000000000000000e+02 9.965628453658822439e-01
4.510000000000000000e+02 9.965868067443693912e-01
4.520000000000000000e+02 9.966105663237035950e-01
4.530000000000000000e+02 9.966341262365526754e-01
4.540000000000000000e+02 9.966574885885668422e-01
4.550000000000000000e+02 9.966806554587789302e-01
4.560000000000000000e+02 9.967036288999949756e-01
4.570000000000000000e+02 9.967264109391767990e-01
4.580000000000000000e+02 9.967490035778227009e-01
4.590000000000000000e+02 9.967714087923372768e-01
4.600000000000000000e+02 9.967936285343982350e-01
4.610000000000000000e+02 9.968156647313149987e-01
4.620000000000000000e+02 9.968375192863830891e-01
4.630000000000000000e+02 9.968591940792315143e-01
4.640000000000000000e+02 9.968806909661646065e-01
4.650000000000000000e+02 9.969020117804995307e-01
4.660000000000000000e+02 9.969231583328959090e-01
4.670000000000000000e+02 9.969441324116817826e-01
4.680000000000000000e+02 9.969649357831743552e-01
4.690000000000000000e+02 9.969855701919949631e-01
4.700000000000000000e+02 9.970060373613770510e-01
4.710000000000000000e+02 9.970263389934741483e-01
4.720000000000000000e+02 9.970464767696568531e-01
4.730000000000000000e+02 9.970664523508102617e-01
4.740000000000000000e+02 9.970862673776217378e-01
4.750000000000000000e+02 9.971059234708693486e-01
4.760000000000000000e+02 9.971254222317004201e-01
4.770000000000000000e+02 9.971447652419095364e-01
4.780000000000000000e+02 9.971639540642097677e-01
4.790000000000000000e+02 9.971829902425008996e-01
4.800000000000000000e+02 9.972018753021330006e-01
4.810000000000000000e+02 9.972206107501647709e-01
4.820000000000000000e+02 9.972391980756202257e-01
4.830000000000000000e+02 9.972576387497382733e-01
4.840000000000000000e+02 9.972759342262204063e-01
4.850000000000000000e+02 9.972940859414740622e-01
4.860000000000000000e+02 9.973120953148523204e-01
4.870000000000000000e+02 9.973299637488884928e-01
4.880000000000000000e+02 9.973476926295288258e-01
4.890000000000000000e+02 9.973652833263605411e-01
4.900000000000000000e+02 9.973827371928365437e-01
4.910000000000000000e+02 9.974000555664965795e-01
4.920000000000000000e+02 9.974172397691849490e-01
4.930000000000000000e+02 9.974342911072651141e-01
4.940000000000000000e+02 9.974512108718299741e-01
4.950000000000000000e+02 9.974680003389103655e-01
4.960000000000000000e+02 9.974846607696794543e-01
4.970000000000000000e+02 9.975011934106537970e-01
4.980000000000000000e+02 9.975175994938920709e-01
4.990000000000000000e+02 9.975338802371892521e-01
5.000000000000000000e+02 9.975500368442703492e-01
5.010000000000000000e+02 9.975660705049783639e-01
5.020000000000000000e+02 9.975819823954613641e-01
5.030000000000000000e+02 9.975977736783554484e-01
5.040000000000000000e+02 9.976134455029663783e-01
5.050000000000000000e+02 9.976289990054461043e-01
5.060000000000000000e+02 9.976444353089698458e-01
5.070000000000000000e+02 9.976597555239067328e-01
5.080000000000000000e+02 9.976749607479913351e-01
5.090000000000000000e+02 9.976900520664907512e-01
5.100000000000000000e+02 9.977050305523684770e-01
5.110000000000000000e+02 9.977198972664481635e-01
5.120000000000000000e+02 9.977346532575728233e-01
5.130000000000000000e+02 9.977492995627628147e-01
5.140000000000000000e+02 9.977638372073703854e-01
5.150000000000000000e+02 9.977782672052334378e-01
5.160000000000000000e+02 9.977925905588255207e-01
5.170000000000000000e+02 9.978068082594044874e-01
5.180000000000000000e+02 9.978209212871581579e-01
5.190000000000000000e+02 9.978349306113489803e-01
5.200000000000000000e+02 9.978488371904559173e-01
5.210000000000000000e+02 9.978626419723131136e-01
5.220000000000000000e+02 9.978763458942488951e-01
5.230000000000000000e+02 9.978899498832208836e-01
5.240000000000000000e+02 9.979034548559493345e-01
5.250000000000000000e+02 9.979168617190498081e-01
5.260000000000000000e+02 9.979301713691614006e-01
5.270000000000000000e+02 9.979433846930764185e-01
5.280000000000000000e+02 9.979565025678650558e-01
5.290000000000000000e+02 9.979695258610002950e-01
5.300000000000000000e+02 9.979824554304795869e-01
5.310000000000000000e+02 9.979952921249465314e-01
5.320000000000000000e+02 9.980080367838083388e-01
5.330000000000000000e+02 9.980206902373542910e-01
5.340000000000000000e+02 9.980332533068700940e-01
5.350000000000000000e+02 9.980457268047521202e-01
5.360000000000000000e+02 9.980581115346199850e-01
5.370000000000000000e+02 9.980704082914257924e-01
5.380000000000000000e+02 9.980826178615647137e-01
5.390000000000000000e+02 9.980947410229809025e-01
5.400000000000000000e+02 9.981067785452740759e-01
5.410000000000000000e+02 9.981187311898037651e-01
5.420000000000000000e+02 9.981305997097923433e-01
5.430000000000000000e+02 9.981423848504252794e-01
5.440000000000000000e+02 9.981540873489526122e-01
5.450000000000000000e+02 9.981657079347869832e-01
5.460000000000000000e+02 9.981772473295996706e-01
5.470000000000000000e+02 9.981887062474182892e-01
5.480000000000000000e+02 9.982000853947189389e-01
5.490000000000000000e+02 9.982113854705216838e-01
5.500000000000000000e+02 9.982226071664802580e-01
5.510000000000000000e+02 9.982337511669738817e-01
5.520000000000000000e+02 9.982448181491953010e-01
5.530000000000000000e+02 9.982558087832403837e-01
5.540000000000000000e+02 9.982667237321932729e-01
5.550000000000000000e+02 9.982775636522124296e-01
5.560000000000000000e+02 9.982883291926155644e-01
5.570000000000000000e+02 9.982990209959617944e-01
5.580000000000000000e+02 9.983096396981352427e-01
5.590000000000000000e+02 9.983201859284234203e-01
5.600000000000000000e+02 9.983306603095992715e-01
5.610000000000000000e+02 9.983410634579988896e-01
5.620000000000000000e+02 9.983513959835992324e-01
5.630000000000000000e+02 9.983616584900943947e-01
5.640000000000000000e+02 9.983718515749715472e-01
5.650000000000000000e+02 9.983819758295849889e-01
5.660000000000000000e+02 9.983920318392297544e-01
5.670000000000000000e+02 9.984020201832136676e-01
5.680000000000000000e+02 9.984119414349295063e-01
5.690000000000000000e+02 9.984217961619242798e-01
5.700000000000000000e+02 9.984315849259702835e-01
5.710000000000000000e+02 9.984413082831321562e-01
5.720000000000000000e+02 9.984509667838357139e-01
5.730000000000000000e+02 9.984605609729336750e-01
5.740000000000000000e+02 9.984700913897718300e-01
5.750000000000000000e+02 9.984795585682543217e-01
5.760000000000000000e+02 9.984889630369068181e-01
5.770000000000000000e+02 9.984983053189412372e-01
5.780000000000000000e+02 9.985075859323168102e-01
5.790000000000000000e+02 9.985168053898010321e-01
5.800000000000000000e+02 9.985259641990326118e-01
5.810000000000000000e+02 9.985350628625789815e-01
5.820000000000000000e+02 9.985441018779966926e-01
5.830000000000000000e+02 9.985530817378892587e-01
5.840000000000000000e+02 9.985620029299653311e-01
5.850000000000000000e+02 9.985708659370943208e-01
5.860000000000000000e+02 9.985796712373632422e-01
5.870000000000000000e+02 9.985884193041316692e-01
5.880000000000000000e+02 9.985971106060868019e-01
5.890000000000000000e+02 9.986057456072959804e-01
5.900000000000000000e+02 9.986143247672618628e-01
5.910000000000000000e+02 9.986228485409723854e-01
5.920000000000000000e+02 9.986313173789547193e-01
5.930000000000000000e+02 9.986397317273251195e-01
5.940000000000000000e+02 9.986480920278392182e-01
5.950000000000000000e+02 9.986563987179425395e-01
5.960000000000000000e+02 9.986646522308189056e-01
5.970000000000000000e+02 9.986728529954391753e-01
5.980000000000000000e+02 9.986810014366089838e-01
5.990000000000000000e+02 9.986890979750162600e-01
6.000000000000000000e+02 9.986971430272770789e-01
6.010000000000000000e+02 9.987051370059821798e-01
6.020000000000000000e+02 9.987130803197423745e-01
6.030000000000000000e+02 9.987209733732336225e-01
6.040000000000000000e+02 9.987288165672399964e-01
6.050000000000000000e+02 9.987366102986993122e-01
6.060000000000000000e+02 9.987443549607442073e-01
6.070000000000000000e+02 9.987520509427461057e-01
6.080000000000000000e+02 9.987596986303572955e-01
6.090000000000000000e+02 9.987672984055507852e-01
6.100000000000000000e+02 9.987748506466629372e-01
6.110000000000000000e+02 9.987823557284335463e-01
6.120000000000000000e+02 9.987898140220453636e-01
6.130000000000000000e+02 9.987972258951636206e-01
6.140000000000000000e+02 9.988045917119747763e-01
6.150000000000000000e+02 9.988119118332255963e-01
6.160000000000000000e+02 9.988191866162602350e-01
6.170000000000000000e+02 9.988264164150580937e-01
6.180000000000000000e+02 9.988336015802713463e-01
6.190000000000000000e+02 9.988407424592605777e-01
6.200000000000000000e+02 9.988478393961308655e-01
6.210000000000000000e+02 9.988548927317686399e-01
6.220000000000000000e+02 9.988619028038746572e-01
6.230000000000000000e+02 9.988688699470015253e-01
6.240000000000000000e+02 9.988757944925851229e-01
6.250000000000000000e+02 9.988826767689807928e-01
6.260000000000000000e+02 9.988895171014949836e-01
6.270000000000000000e+02 9.988963158124201103e-01
6.280000000000000000e+02 9.989030732210656405e-01
6.290000000000000000e+02 9.989097896437910684e-01
6.300000000000000000e+02 9.989164653940374450e-01
6.310000000000000000e+02 9.989231007823589081e-01
6.320000000000000000e+02 9.989296961164537692e-01
6.330000000000000000e+02 9.989362517011954878e-01
6.340000000000000000e+02 9.989427678386624265e-01
6.350000000000000000e+02 9.989492448281676040e-01
6.360000000000000000e+02 9.989556829662893378e-01
6.370000000000000000e+02 9.989620825468993326e-01
6.380000000000000000e+02 9.989684438611918793e-01
6.390000000000000000e+02 9.989747671977128318e-01
6.400000000000000000e+02 9.989810528423861413e-01
6.410000000000000000e+02 9.989873010785444984e-01
6.420000000000000000e+02 9.989935121869537582e-01
6.430000000000000000e+02 9.989996864458419168e-01
6.440000000000000000e+02 9.990058241309255349e-01
6.450000000000000000e+02 9.990119255154358280e-01
6.460000000000000000e+02 9.990179908701454226e-01
6.470000000000000000e+02 9.990240204633931143e-01
6.480000000000000000e+02 9.990300145611114013e-01
6.490000000000000000e+02 9.990359734268495773e-01
6.500000000000000000e+02 9.990418973217997101e-01
6.510000000000000000e+02 9.990477865048211781e-01
6.520000000000000000e+02 9.990536412324649840e-01
6.530000000000000000e+02 9.990594617589977355e-01
6.540000000000000000e+02 9.990652483364254044e-01
6.550000000000000000e+02 9.990710012145168628e-01
6.560000000000000000e+02 9.990767206408275314e-01
6.570000000000000000e+02 9.990824068607206954e-01
6.580000000000000000e+02 9.990880601173923736e-01
6.590000000000000000e+02 9.990936806518918578e-01
6.600000000000000000e+02 9.990992687031451380e-01
6.610000000000000000e+02 9.991048245079759971e-01
6.620000000000000000e+02 9.991103483011277708e-01
6.630000000000000000e+02 9.991158403152845535e-01
6.640000000000000000e+02 9.991213007810930691e-01
6.650000000000000000e+02 9.991267299271829883e-01
6.660000000000000000e+02 9.991321279801866906e-01
6.670000000000000000e+02 9.991374951647610247e-01
6.680000000000000000e+02 9.991428317036068485e-01
6.690000000000000000e+02 9.991481378174887906e-01
6.700000000000000000e+02 9.991534137252552350e-01
6.710000000000000000e+02 9.991586596438576384e-01
6.720000000000000000e+02 9.991638757883690714e-01
6.730000000000000000e+02 9.991690623720047570e-01
6.740000000000000000e+02 9.991742196061395020e-01
6.750000000000000000e+02 9.991793477003261259e-01
6.760000000000000000e+02 9.991844468623153341e-01
6.770000000000000000e+02 9.991895172980721496e-01
6.780000000000000000e+02 9.991945592117947861e-01
6.790000000000000000e+02 9.991995728059319681e-01
6.800000000000000000e+02 9.992045582812006943e-01
6.810000000000000000e+02 9.992095158366033347e-01
6.820000000000000000e+02 9.992144456694450616e-01
6.830000000000000000e+02 9.992193479753502805e-01
6.840000000000000000e+02 9.992242229482798388e-01
6.850000000000000000e+02 9.992290707805474570e-01
6.860000000000000000e+02 9.992338916628354939e-01
6.870000000000000000e+02 9.992386857842118220e-01
6.880000000000000000e+02 9.992434533321458145e-01
6.890000000000000000e+02 9.992481944925236670e-01
6.900000000000000000e+02 9.992529094496643838e-01
6.910000000000000000e+02 9.992575983863348776e-01
6.920000000000000000e+02 9.992622614837655126e-01
6.930000000000000000e+02 9.992668989216654252e-01
6.940000000000000000e+02 9.992715108782364020e-01
6.950000000000000000e+02 9.992760975301896442e-01
6.960000000000000000e+02 9.992806590527582022e-01
6.970000000000000000e+02 9.992851956197122965e-01
6.980000000000000000e+02 9.992897074033741944e-01
6.990000000000000000e+02 9.992941945746313115e-01
7.000000000000000000e+02 9.992986573029507547e-01
7.010000000000000000e+02 9.993030957563928673e-01
7.020000000000000000e+02 9.993075101016254402e-01
7.030000000000000000e+02 9.993119005039359237e-01
7.040000000000000000e+02 9.993162671272465269e-01
7.050000000000000000e+02 9.993206101341257641e-01
7.060000000000000000e+02 9.993249296858026653e-01
7.070000000000000000e+02 9.993292259421789892e-01
7.080000000000000000e+02 9.993334990618424341e-01
7.090000000000000000e+02 9.993377492020790731e-01
7.100000000000000000e+02 9.993419765188856774e-01
7.110000000000000000e+02 9.993461811669827055e-01
7.120000000000000000e+02 9.993503632998254060e-01
7.130000000000000000e+02 9.993545230696164738e-01
7.140000000000000000e+02 9.993586606273193729e-01
7.150000000000000000e+02 9.993627761226676620e-01
7.160000000000000000e+02 9.993668697041780957e-01
7.170000000000000000e+02 9.993709415191617262e-01
7.180000000000000000e+02 9.993749917137364491e-01
7.190000000000000000e+02 9.993790204328366622e-01
7.200000000000000000e+02 9.993830278202255890e-01
7.210000000000000000e+02 9.993870140185060480e-01
7.220000000000000000e+02 9.993909791691312217e-01
7.230000000000000000e+02 9.993949234124156478e-01
7.240000000000000000e+02 9.993988468875457665e-01
7.250000000000000000e+02 9.994027497325911336e-01
7.260000000000000000e+02 9.994066320845144125e-01
7.270000000000000000e+02 9.994104940791811442e-01
7.280000000000000000e+02 9.994143358513710718e-01
7.290000000000000000e+02 9.994181575347881319e-01
7.300000000000000000e+02 9.994219592620700032e-01
7.310000000000000000e+02 9.994257411647980982e-01
7.320000000000000000e+02 9.994295033735077771e-01
7.330000000000000000e+02 9.994332460176975630e-01
7.340000000000000000e+02 9.994369692258401328e-01
7.350000000000000000e+02 9.994406731253892007e-01
7.360000000000000000e+02 9.994443578427918418e-01
7.370000000000000000e+02 9.994480235034957083e-01
7.380000000000000000e+02 9.994516702319593549e-01
7.390000000000000000e+02 9.994552981516612311e-01
7.400000000000000000e+02 9.994589073851081196e-01
7.410000000000000000e+02 9.994624980538445724e-01
7.420000000000000000e+02 9.994660702784617934e-01
7.430000000000000000e+02 9.994696241786060753e-01
7.440000000000000000e+02 9.994731598729877931e-01
7.450000000000000000e+02 9.994766774793900632e-01
7.460000000000000000e+02 9.994801771146758496e-01
7.470000000000000000e+02 9.994836588947988432e-01
7.480000000000000000e+02 9.994871229348095687e-01
7.490000000000000000e+02 9.994905693488643772e-01
7.500000000000000000e+02 9.994939982502338838e-01
7.510000000000000000e+02 9.994974097513108502e-01
7.520000000000000000e+02 9.995008039636172903e-01
7.530000000000000000e+02 9.995041809978139069e-01
7.540000000000000000e+02 9.995075409637065311e-01
7.550000000000000000e+02 9.995108839702543380e-01
7.560000000000000000e+02 9.995142101255781730e-01
7.570000000000000000e+02 9.995175195369663257e-01
7.580000000000000000e+02 9.995208123108841880e-01
7.590000000000000000e+02 9.995240885529795838e-01
7.600000000000000000e+02 9.995273483680916504e-01
7.610000000000000000e+02 9.995305918602578332e-01
7.620000000000000000e+02 9.995338191327199917e-01
7.630000000000000000e+02 9.995370302879328372e-01
7.640000000000000000e+02 9.995402254275701504e-01
7.650000000000000000e+02 9.995434046525323302e-01
7.660000000000000000e+02 9.995465680629519456e-01
7.670000000000000000e+02 9.995497157582025061e-01
7.680000000000000000e+02 9.995528478369037906e-01
7.690000000000000000e+02 9.995559643969295083e-01
7.700000000000000000e+02 9.995590655354126275e-01
7.710000000000000000e+02 9.995621513487530363e-01
7.720000000000000000e+02 9.995652219326235377e-01
7.730000000000000000e+02 9.995682773819766220e-01
7.740000000000000000e+02 9.995713177910502401e-01
7.750000000000000000e+02 9.995743432533744643e-01
7.760000000000000000e+02 9.995773538617780396e-01
7.770000000000000000e+02 9.995803497083936007e-01
7.780000000000000000e+02 9.995833308846647780e-01
7.790000000000000000e+02 9.995862974813514157e-01
7.800000000000000000e+02 9.995892495885360107e-01
7.810000000000000000e+02 9.995921872956298193e-01
7.820000000000000000e+02 9.995951106913781858e-01
7.830000000000000000e+02 9.995980198638666492e-01
7.840000000000000000e+02 9.996009149005260497e-01
7.850000000000000000e+02 9.996037958881398566e-01
7.860000000000000000e+02 9.996066629128480541e-01
7.870000000000000000e+02 9.996095160601529139e-01
7.880000000000000000e+02 9.996123554149258794e-01
7.890000000000000000e+02 9.996151810614118949e-01
7.900000000000000000e+02 9.996179930832344018e-01
7.910000000000000000e+02 9.996207915634017782e-01
7.920000000000000000e+02 9.996235765843125565e-01
7.930000000000000000e+02 9.996263482277595314e-01
7.940000000000000000e+02 9.996291065749359772e-01
7.950000000000000000e+02 9.996318517064408660e-01
7.960000000000000000e+02 9.996345837022834191e-01
7.970000000000000000e+02 9.996373026418879926e-01
7.980000000000000000e+02 9.996400086041002941e-01
7.990000000000000000e+02 9.996427016671901589e-01
8.000000000000000000e+02 9.996453819088592097e-01
8.010000000000000000e+02 9.996480494062435218e-01
8.020000000000000000e+02 9.996507042359188411e-01
8.030000000000000000e+02 9.996533464739064678e-01
8.040000000000000000e+02 9.996559761956768098e-01
8.050000000000000000e+02 9.996585934761538228e-01
8.060000000000000000e+02 9.996611983897213394e-01
8.070000000000000000e+02 9.996637910102257329e-01
8.080000000000000000e+02 9.996663714109814691e-01
8.090000000000000000e+02 9.996689396647751025e-01
8.100000000000000000e+02 9.996714958438702725e-01
8.110000000000000000e+02 9.996740400200119225e-01
8.120000000000000000e+02 9.996765722644301855e-01
8.130000000000000000e+02 9.996790926478449357e-01
8.140000000000000000e+02 9.996816012404705631e-01
8.150000000000000000e+02 9.996840981120197478e-01
8.160000000000000000e+02 9.996865833317077898e-01
8.170000000000000000e+02 9.996890569682563843e-01
8.180000000000000000e+02 9.996915190898981729e-01
8.190000000000000000e+02 9.996939697643809630e-01
8.200000000000000000e+02 9.996964090589711693e-01
8.210000000000000000e+02 9.996988370404583657e-01
8.220000000000000000e+02 9.997012537751587269e-01
8.230000000000000000e+02 9.997036593289200246e-01
8.240000000000000000e+02 9.997060537671232927e-01
8.250000000000000000e+02 9.997084371546894888e-01
8.260000000000000000e+02 9.997108095560811591e-01
8.270000000000000000e+02 9.997131710353075462e-01
8.280000000000000000e+02 9.997155216559270308e-01
8.290000000000000000e+02 9.997178614810522390e-01
8.300000000000000000e+02 9.997201905733525962e-01
8.310000000000000000e+02 9.997225089950587673e-01
8.320000000000000000e+02 9.997248168079656550e-01
8.330000000000000000e+02 9.997271140734361738e-01
8.340000000000000000e+02 9.997294008524048037e-01
8.350000000000000000e+02 9.997316772053813638e-01
8.360000000000000000e+02 9.997339431924542330e-01
8.370000000000000000e+02 9.997361988732932359e-01
8.380000000000000000e+02 9.997384443071540838e-01
8.390000000000000000e+02 9.997406795528811507e-01
8.400000000000000000e+02 9.997429046689108034e-01
8.410000000000000000e+02 9.997451197132750655e-01
8.420000000000000000e+02 9.997473247436041710e-01
8.430000000000000000e+02 9.997495198171306718e-01
8.440000000000000000e+02 9.997517049906922137e-01
8.450000000000000000e+02 9.997538803207346447e-01
8.460000000000000000e+02 9.997560458633155678e-01
8.470000000000000000e+02 9.997582016741070055e-01
8.480000000000000000e+02 9.997603478083982864e-01
8.490000000000000000e+02 9.997624843211005974e-01
8.500000000000000000e+02 9.997646112667478713e-01
8.510000000000000000e+02 9.997667286995017832e-01
8.520000000000000000e+02 9.997688366731534160e-01
8.530000000000000000e+02 9.997709352411264794e-01
8.540000000000000000e+02 9.997730244564807522e-01
8.550000000000000000e+02 9.997751043719143027e-01
8.560000000000000000e+02 9.997771750397675961e-01
8.570000000000000000e+02 9.997792365120242719e-01
8.580000000000000000e+02 9.997812888403160292e-01
8.590000000000000000e+02 9.997833320759240694e-01
8.600000000000000000e+02 9.997853662697830934e-01
8.610000000000000000e+02 9.997873914724823008e-01
8.620000000000000000e+02 9.997894077342701635e-01
8.630000000000000000e+02 9.997914151050553144e-01
8.640000000000000000e+02 9.997934136344109879e-01
8.650000000000000000e+02 9.997954033715754640e-01
8.660000000000000000e+02 9.997973843654568427e-01
8.670000000000000000e+02 9.997993566646347086e-01
8.680000000000000000e+02 9.998013203173625740e-01
8.690000000000000000e+02 9.998032753715705434e-01
8.700000000000000000e+02 9.998052218748680886e-01
8.710000000000000000e+02 9.998071598745461586e-01
8.720000000000000000e+02 9.998090894175803989e-01
8.730000000000000000e+02 9.998110105506327061e-01
8.740000000000000000e+02 9.998129233200540034e-01
8.750000000000000000e+02 9.998148277718873489e-01
8.760000000000000000e+02 9.998167239518692684e-01
8.770000000000000000e+02 9.998186119054328636e-01
8.780000000000000000e+02 9.998204916777094775e-01
8.790000000000000000e+02 9.998223633135324695e-01
8.800000000000000000e+02 9.998242268574372149e-01
8.810000000000000000e+02 9.998260823536661013e-01
8.820000000000000000e+02 9.998279298461684172e-01
8.830000000000000000e+02 9.998297693786041274e-01
8.840000000000000000e+02 9.998316009943454263e-01
8.850000000000000000e+02 9.998334247364790706e-01
8.860000000000000000e+02 9.998352406478095977e-01
8.870000000000000000e+02 9.998370487708584387e-01
8.880000000000000000e+02 9.998388491478710227e-01
8.890000000000000000e+02 9.998406418208135582e-01
8.900000000000000000e+02 9.998424268313791385e-01
8.910000000000000000e+02 9.998442042209880753e-01
8.920000000000000000e+02 9.998459740307900079e-01
8.930000000000000000e+02 9.998477363016666786e-01
8.940000000000000000e+02 9.998494910742333763e-01
8.950000000000000000e+02 9.998512383888410460e-01
8.960000000000000000e+02 9.998529782855785086e-01
8.970000000000000000e+02 9.998547108042744602e-01
8.980000000000000000e+02 9.998564359844991367e-01
8.990000000000000000e+02 9.998581538655669787e-01
9.000000000000000000e+02 9.998598644865374085e-01
9.010000000000000000e+02 9.998615678862180500e-01
9.020000000000000000e+02 9.998632641031651724e-01
9.030000000000000000e+02 9.998649531756876874e-01
9.040000000000000000e+02 9.998666351418465936e-01
9.050000000000000000e+02 9.998683100394586409e-01
9.060000000000000000e+02 9.998699779060973292e-01
9.070000000000000000e+02 9.998716387790951288e-01
9.080000000000000000e+02 9.998732926955450351e-01
9.090000000000000000e+02 9.998749396923022337e-01
9.100000000000000000e+02 9.998765798059863208e-01
9.110000000000000000e+02 9.998782130729829687e-01
9.120000000000000000e+02 9.998798395294453689e-01
9.130000000000000000e+02 9.998814592112960087e-01
9.140000000000000000e+02 9.998830721542290023e-01
9.150000000000000000e+02 9.998846783937108684e-01
9.160000000000000000e+02 9.998862779649829724e-01
9.170000000000000000e+02 9.998878709030627476e-01
9.180000000000000000e+02 9.998894572427455829e-01
9.190000000000000000e+02 9.998910370186065988e-01
9.200000000000000000e+02 9.998926102650019798e-01
9.210000000000000000e+02 9.998941770160701958e-01
9.220000000000000000e+02 9.998957373057354436e-01
9.230000000000000000e+02 9.998972911677063147e-01
9.240000000000000000e+02 9.998988386354802360e-01
9.250000000000000000e+02 9.999003797423434703e-01
9.260000000000000000e+02 9.999019145213724480e-01
9.270000000000000000e+02 9.999034430054365430e-01
9.280000000000000000e+02 9.999049652271986277e-01
9.290000000000000000e+02 9.999064812191171825e-01
9.300000000000000000e+02 9.999079910134467397e-01
9.310000000000000000e+02 9.999094946422406593e-01
9.320000000000000000e+02 9.999109921373522392e-01
9.330000000000000000e+02 9.999124835304354919e-01
9.340000000000000000e+02 9.999139688529475878e-01
9.350000000000000000e+02 9.999154481361496316e-01
9.360000000000000000e+02 9.999169214111077730e-01
9.370000000000000000e+02 9.999183887086963152e-01
9.380000000000000000e+02 9.999198500595968264e-01
9.390000000000000000e+02 9.999213054943010270e-01
9.400000000000000000e+02 9.999227550431121214e-01
9.410000000000000000e+02 9.999241987361449091e-01
9.420000000000000000e+02 9.999256366033292265e-01
9.430000000000000000e+02 9.999270686744092806e-01
9.440000000000000000e+02 9.999284949789464250e-01
9.450000000000000000e+02 9.999299155463190480e-01
9.460000000000000000e+02 9.999313304057260154e-01
9.470000000000000000e+02 9.999327395861853374e-01
9.480000000000000000e+02 9.999341431165373884e-01
9.490000000000000000e+02 9.999355410254461285e-01
9.500000000000000000e+02 9.999369333413993255e-01
9.510000000000000000e+02 9.999383200927099979e-01
9.520000000000000000e+02 9.999397013075187468e-01
9.530000000000000000e+02 9.999410770137941995e-01
9.540000000000000000e+02 9.999424472393331209e-01
9.550000000000000000e+02 9.999438120117650763e-01
9.560000000000000000e+02 9.999451713585489898e-01
9.570000000000000000e+02 9.999465253069783621e-01
9.580000000000000000e+02 9.999478738841801606e-01
9.590000000000000000e+02 9.999492171171168176e-01
9.600000000000000000e+02 9.999505550325872294e-01
9.610000000000000000e+02 9.999518876572278669e-01
9.620000000000000000e+02 9.999532150175142187e-01
9.630000000000000000e+02 9.999545371397617899e-01
9.640000000000000000e+02 9.999558540501266579e-01
9.650000000000000000e+02 9.999571657746079145e-01
9.660000000000000000e+02 9.999584723390469998e-01
9.670000000000000000e+02 9.999597737691305888e-01
9.680000000000000000e+02 9.999610700903902583e-01
9.690000000000000000e+02 9.999623613282048185e-01
9.700000000000000000e+02 9.999636475078005349e-01
9.710000000000000000e+02 9.999649286542520166e-01
9.720000000000000000e+02 9.999662047924843256e-01
9.730000000000000000e+02 9.999674759472728658e-01
9.740000000000000000e+02 9.999687421432456036e-01
9.750000000000000000e+02 9.999700034048827346e-01
9.760000000000000000e+02 9.999712597565189043e-01
9.770000000000000000e+02 9.999725112223436518e-01
9.780000000000000000e+02 9.999737578264027427e-01
9.790000000000000000e+02 9.999749995925983903e-01
9.800000000000000000e+02 9.999762365446912549e-01
9.810000000000000000e+02 9.999774687063013312e-01
9.820000000000000000e+02 9.999786961009076158e-01
9.830000000000000000e+02 9.999799187518507715e-01
9.840000000000000000e+02 9.999811366823340153e-01
9.850000000000000000e+02 9.999823499154216755e-01
9.860000000000000000e+02 9.999835584740436323e-01
9.870000000000000000e+02 9.999847623809933195e-01
9.880000000000000000e+02 9.999859616589305000e-01
9.890000000000000000e+02 9.999871563303815991e-01
9.900000000000000000e+02 9.999883464177408143e-01
9.910000000000000000e+02 9.999895319432696716e-01
9.920000000000000000e+02 9.999907129291002450e-01
9.930000000000000000e+02 9.999918893972344902e-01
9.940000000000000000e+02 9.999930613695454662e-01
9.950000000000000000e+02 9.999942288677781121e-01
9.960000000000000000e+02 9.999953919135506908e-01
9.970000000000000000e+02 9.999965505283547884e-01
9.980000000000000000e+02 9.999977047335569802e-01
9.990000000000000000e+02 9.999988545503993853e-01
1.000000000000000000e+03 1.000000000000000000e+00
