0.000000000000000000e+00 0.000000000000000000e+00
1.000000000000000000e+00 -2.759998952871135960e-07
2.000000000000000000e+00 -8.279994525848447776e-07
3.000000000000000000e+00 -1.655998205895333154e-06
4.000000000000000000e+00 -2.759995455833256349e-06
5.000000000000000000e+00 -4.139990270069978291e-06
6.000000000000000000e+00 -5.795981483111581268e-06
7.000000000000000000e+00 -7.727967696187938910e-06
8.000000000000000000e+00 -9.935947277918959913e-06
9.000000000000000000e+00 -1.241991836342655234e-05
1.000000000000000000e+01 -1.517987885477886360e-05
1.100000000000000000e+01 -1.821582642110146117e-05
1.200000000000000000e+01 -2.152775849846652538e-05
1.300000000000000000e+01 -2.511567228967099123e-05
1.400000000000000000e+01 -2.897956476468088489e-05
1.500000000000000000e+01 -3.311943266018747503e-05
1.600000000000000000e+01 -3.753527248005162975e-05
1.700000000000000000e+01 -4.222708049463796054e-05
1.800000000000000000e+01 -4.719485274159231384e-05
1.900000000000000000e+01 -5.243858502584205567e-05
2.000000000000000000e+01 -5.795827291848622124e-05
2.100000000000000000e+01 -6.375391175823915053e-05
2.200000000000000000e+01 -6.982549665032067180e-05
2.300000000000000000e+01 -7.617302246745570214e-05
2.400000000000000000e+01 -8.279648384876437002e-05
2.500000000000000000e+01 -8.969587520098378918e-05
2.600000000000000000e+01 -9.687119069724730116e-05
2.700000000000000000e+01 -1.043224242780840013e-04
2.800000000000000000e+01 -1.120495696507532284e-04
2.900000000000000000e+01 -1.200526202901332988e-04
3.000000000000000000e+01 -1.283315694373895772e-04
3.100000000000000000e+01 -1.368864101011965087e-04
3.200000000000000000e+01 -1.457171350570718503e-04
3.300000000000000000e+01 -1.548237368479325553e-04
3.400000000000000000e+01 -1.642062077830960603e-04
3.500000000000000000e+01 -1.738645399397242526e-04
3.600000000000000000e+01 -1.837987251618248934e-04
3.700000000000000000e+01 -1.940087550602524031e-04
3.800000000000000000e+01 -2.044946210133744024e-04
3.900000000000000000e+01 -2.152563141662955858e-04
4.000000000000000000e+01 -2.262938254318574917e-04
4.100000000000000000e+01 -2.376071454890848946e-04
4.200000000000000000e+01 -2.491962647852960966e-04
4.300000000000000000e+01 -2.610611735343272479e-04
4.400000000000000000e+01 -2.732018617173104518e-04
4.500000000000000000e+01 -2.856183190827854914e-04
4.600000000000000000e+01 -2.983105351462563915e-04
4.700000000000000000e+01 -3.112784991909700919e-04
4.800000000000000000e+01 -3.245222002666951484e-04
4.900000000000000000e+01 -3.380416271907226680e-04
5.000000000000000000e+01 -3.518367685484218000e-04
5.100000000000000000e+01 -3.659076126913534950e-04
5.200000000000000000e+01 -3.802541477390479463e-04
5.300000000000000000e+01 -3.948763615781170620e-04
5.400000000000000000e+01 -4.097742418626996921e-04
5.500000000000000000e+01 -4.249477760144628759e-04
5.600000000000000000e+01 -4.403969512219363044e-04
5.700000000000000000e+01 -4.561217544416240068e-04
5.800000000000000000e+01 -4.721221723970059087e-04
5.900000000000000000e+01 -4.883981915795381715e-04
6.000000000000000000e+01 -5.049497982476553468e-04
6.100000000000000000e+01 -5.217769784275483455e-04
6.200000000000000000e+01 -5.388797179129436402e-04
6.300000000000000000e+01 -5.562580022648825218e-04
6.400000000000000000e+01 -5.739118168120552503e-04
6.500000000000000000e+01 -5.918411466510239667e-04
6.600000000000000000e+01 -6.100459766453364668e-04
6.700000000000000000e+01 -6.285262914269701406e-04
6.800000000000000000e+01 -6.472820753947788538e-04
6.900000000000000000e+01 -6.663133127156052301e-04
7.000000000000000000e+01 -6.856199873240587149e-04
7.100000000000000000e+01 -7.052020829222961336e-04
7.200000000000000000e+01 -7.250595829801329299e-04
7.300000000000000000e+01 -7.451924707356000124e-04
7.400000000000000000e+01 -7.656007291940574193e-04
7.500000000000000000e+01 -7.862843411287501888e-04
7.600000000000000000e+01 -8.072432890806990717e-04
7.700000000000000000e+01 -8.284775553590351159e-04
7.800000000000000000e+01 -8.499871220405562280e-04
7.900000000000000000e+01 -8.717719709701740810e-04
8.000000000000000000e+01 -8.938320837603595456e-04
8.100000000000000000e+01 -9.161674417919211466e-04
8.200000000000000000e+01 -9.387780262134521204e-04
8.300000000000000000e+01 -9.616638179414430630e-04
8.400000000000000000e+01 -9.848247976608378012e-04
8.500000000000000000e+01 -1.008260945824036685e-03
8.600000000000000000e+01 -1.031972242652229614e-03
8.700000000000000000e+01 -1.055958668134288200e-03
8.800000000000000000e+01 -1.080220202027432552e-03
8.900000000000000000e+01 -1.104756823856568393e-03
9.000000000000000000e+01 -1.129568512915729702e-03
9.100000000000000000e+01 -1.154655248266084648e-03
9.200000000000000000e+01 -1.180017008738266839e-03
9.300000000000000000e+01 -1.205653772930157051e-03
9.400000000000000000e+01 -1.231565519208551156e-03
9.500000000000000000e+01 -1.257752225708382975e-03
9.600000000000000000e+01 -1.284213870333283285e-03
9.700000000000000000e+01 -1.310950430754803317e-03
9.800000000000000000e+01 -1.337961884413303802e-03
9.900000000000000000e+01 -1.365248208517515216e-03
1.000000000000000000e+02 -1.392809380044870418e-03
1.010000000000000000e+02 -1.420645375741174396e-03
1.020000000000000000e+02 -1.448756172120939942e-03
1.030000000000000000e+02 -1.477141745466943558e-03
1.040000000000000000e+02 -1.505802071831117321e-03
1.050000000000000000e+02 -1.534737127033773034e-03
1.060000000000000000e+02 -1.563946886664159281e-03
1.070000000000000000e+02 -1.593431326080130533e-03
1.080000000000000000e+02 -1.623190420408259470e-03
1.090000000000000000e+02 -1.653224144543840668e-03
1.100000000000000000e+02 -1.683532473151890018e-03
1.110000000000000000e+02 -1.714115380665148921e-03
1.120000000000000000e+02 -1.744972841286086167e-03
1.130000000000000000e+02 -1.776104828985787054e-03
1.140000000000000000e+02 -1.807511317504624298e-03
1.150000000000000000e+02 -1.839192280351592546e-03
1.160000000000000000e+02 -1.871147690805199590e-03
1.170000000000000000e+02 -1.903377521912801755e-03
1.180000000000000000e+02 -1.935881746491271765e-03
1.190000000000000000e+02 -1.968660337126225488e-03
1.200000000000000000e+02 -2.001713266173021141e-03
1.210000000000000000e+02 -2.035040505755654049e-03
1.220000000000000000e+02 -2.068642027768199942e-03
1.230000000000000000e+02 -2.102517803873484633e-03
1.240000000000000000e+02 -2.136667805503977401e-03
1.250000000000000000e+02 -2.171092003861790128e-03
1.260000000000000000e+02 -2.205790369918237542e-03
1.270000000000000000e+02 -2.240762874414060999e-03
1.280000000000000000e+02 -2.276009487859986195e-03
1.290000000000000000e+02 -2.311530180536058333e-03
1.300000000000000000e+02 -2.347324922491978230e-03
1.310000000000000000e+02 -2.383393683547329559e-03
1.320000000000000000e+02 -2.419736433291242751e-03
1.330000000000000000e+02 -2.456353141082734132e-03
1.340000000000000000e+02 -2.493243776050709393e-03
1.350000000000000000e+02 -2.530408307093629655e-03
1.360000000000000000e+02 -2.567846702880293829e-03
1.370000000000000000e+02 -2.605558931849174219e-03
1.380000000000000000e+02 -2.643544962208972931e-03
1.390000000000000000e+02 -2.681804761938293580e-03
1.400000000000000000e+02 -2.720338298785865503e-03
1.410000000000000000e+02 -2.759145540270432299e-03
1.420000000000000000e+02 -2.798226453681314750e-03
1.430000000000000000e+02 -2.837581006077520909e-03
1.440000000000000000e+02 -2.877209164288972547e-03
1.450000000000000000e+02 -2.917110894915284774e-03
1.460000000000000000e+02 -2.957286164326991627e-03
1.470000000000000000e+02 -2.997734938664549462e-03
1.480000000000000000e+02 -3.038457183839559077e-03
1.490000000000000000e+02 -3.079452865533438208e-03
1.500000000000000000e+02 -3.120721949198867855e-03
1.510000000000000000e+02 -3.162264400058570606e-03
1.520000000000000000e+02 -3.204080183105762099e-03
1.530000000000000000e+02 -3.246169263105593440e-03
1.540000000000000000e+02 -3.288531604592491876e-03
1.550000000000000000e+02 -3.331167171872937652e-03
1.570000000000000000e+02 -3.417257839891464470e-03
1.580000000000000000e+02 -3.460712868096251036e-03
1.590000000000000000e+02 -3.504440977027557542e-03
1.600000000000000000e+02 -3.548442129845957946e-03
1.610000000000000000e+02 -3.592716289483546214e-03
1.620000000000000000e+02 -3.637263418643597174e-03
1.630000000000000000e+02 -3.682083479800136311e-03
1.650000000000000000e+02 -3.772542246858169145e-03
1.660000000000000000e+02 -3.818180876564680661e-03
1.670000000000000000e+02 -3.864092285879496252e-03
1.680000000000000000e+02 -3.910276436133629067e-03
1.690000000000000000e+02 -3.956733288430078037e-03
1.700000000000000000e+02 -4.003462803643715977e-03
1.720000000000000000e+02 -4.097739665179357324e-03
1.730000000000000000e+02 -4.145286932109189942e-03
1.740000000000000000e+02 -4.193106703171991384e-03
1.750000000000000000e+02 -4.241198938101734157e-03
1.770000000000000000e+02 -4.338200637355316483e-03
1.780000000000000000e+02 -4.387110020006597562e-03
1.790000000000000000e+02 -4.436291703179265876e-03
1.800000000000000000e+02 -4.485745645467585814e-03
1.820000000000000000e+02 -4.585470140628026062e-03
1.830000000000000000e+02 -4.635740609550028681e-03
1.840000000000000000e+02 -4.686283169686786612e-03
1.860000000000000000e+02 -4.788184393201045524e-03
1.870000000000000000e+02 -4.839542970808390770e-03
1.880000000000000000e+02 -4.891173468089960417e-03
1.900000000000000000e+02 -4.995250047634771685e-03
1.910000000000000000e+02 -5.047696042309592415e-03
1.920000000000000000e+02 -5.100413781482026482e-03
1.940000000000000000e+02 -5.206664315645244921e-03
1.950000000000000000e+02 -5.260197021231679052e-03
1.960000000000000000e+02 -5.314001292506921950e-03
1.980000000000000000e+02 -5.422424350820085996e-03
1.990000000000000000e+02 -5.477043046639839576e-03
2.010000000000000000e+02 -5.587094541859940512e-03
2.020000000000000000e+02 -5.642527248682888130e-03
2.040000000000000000e+02 -5.754206347612500841e-03
2.050000000000000000e+02 -5.810452645783714502e-03
2.070000000000000000e+02 -5.923758503004599232e-03
2.080000000000000000e+02 -5.980817966761722143e-03
2.090000000000000000e+02 -6.038148390045504701e-03
2.110000000000000000e+02 -6.153621922122647948e-03
2.120000000000000000e+02 -6.211764933816693937e-03
2.140000000000000000e+02 -6.328863204075139276e-03
2.160000000000000000e+02 -6.447044141607978680e-03
2.170000000000000000e+02 -6.506540486549465541e-03
2.190000000000000000e+02 -6.626344678704945701e-03
2.200000000000000000e+02 -6.686652425212460255e-03
2.220000000000000000e+02 -6.808078965631340906e-03
2.230000000000000000e+02 -6.869197657485811084e-03
2.250000000000000000e+02 -6.992245627654547491e-03
2.270000000000000000e+02 -7.116374034708650848e-03
2.280000000000000000e+02 -7.178843271826751936e-03
2.300000000000000000e+02 -7.304591550798958562e-03
2.310000000000000000e+02 -7.367870487001491539e-03
2.330000000000000000e+02 -7.495237687026471383e-03
2.350000000000000000e+02 -7.623683633514243690e-03
2.360000000000000000e+02 -7.688311001954641934e-03
2.380000000000000000e+02 -7.818374257815192269e-03
2.400000000000000000e+02 -7.949515174485980232e-03
2.410000000000000000e+02 -8.015489618100632083e-03
2.430000000000000000e+02 -8.148246198882713731e-03
2.450000000000000000e+02 -8.282079332455069900e-03
2.470000000000000000e+02 -8.416988569355549066e-03
2.480000000000000000e+02 -8.484846585120503146e-03
2.500000000000000000e+02 -8.621369126462812699e-03
2.520000000000000000e+02 -8.758966631864243194e-03
2.540000000000000000e+02 -8.897638639379534808e-03
2.560000000000000000e+02 -9.037384683501726440e-03
2.570000000000000000e+02 -9.107660322846915929e-03
2.590000000000000000e+02 -9.249016541271746703e-03
2.610000000000000000e+02 -9.391445616975729188e-03
2.630000000000000000e+02 -9.534947072010628577e-03
2.650000000000000000e+02 -9.679520424878624088e-03
2.670000000000000000e+02 -9.825165190536546897e-03
2.690000000000000000e+02 -9.971880880397712005e-03
2.710000000000000000e+02 -1.011966700233528707e-02
2.720000000000000000e+02 -1.019396132057561084e-02
2.740000000000000000e+02 -1.034335216015124827e-02
2.760000000000000000e+02 -1.049381218601480766e-02
2.780000000000000000e+02 -1.064534089366927713e-02
2.800000000000000000e+02 -1.079793777509063454e-02
2.820000000000000000e+02 -1.095160231873023270e-02
2.840000000000000000e+02 -1.110633400951652368e-02
2.860000000000000000e+02 -1.126213232886064119e-02
2.880000000000000000e+02 -1.141899675465625659e-02
2.900000000000000000e+02 -1.157692676128459566e-02
2.920000000000000000e+02 -1.173592181961630350e-02
2.950000000000000000e+02 -1.197641021295966363e-02
2.970000000000000000e+02 -1.213806556260456880e-02
2.990000000000000000e+02 -1.230078408440391999e-02
3.010000000000000000e+02 -1.246456523347153414e-02
3.030000000000000000e+02 -1.262940846142721237e-02
3.050000000000000000e+02 -1.279531321640101950e-02
3.070000000000000000e+02 -1.296227894303623139e-02
3.100000000000000000e+02 -1.321471563143735220e-02
3.120000000000000000e+02 -1.338433133468346081e-02
3.140000000000000000e+02 -1.355500603842689673e-02
3.160000000000000000e+02 -1.372673917165850334e-02
3.180000000000000000e+02 -1.389953015989973083e-02
3.210000000000000000e+02 -1.416069885520331029e-02
3.230000000000000000e+02 -1.433613194488606718e-02
3.250000000000000000e+02 -1.451262085162906973e-02
3.280000000000000000e+02 -1.477933257705261322e-02
3.300000000000000000e+02 -1.495845843742748399e-02
3.320000000000000000e+02 -1.513863803459500681e-02
3.350000000000000000e+02 -1.541088186876545148e-02
3.370000000000000000e+02 -1.559369316613946725e-02
3.400000000000000000e+02 -1.586988169732474543e-02
3.420000000000000000e+02 -1.605532087799761004e-02
3.440000000000000000e+02 -1.624181013125265000e-02
3.470000000000000000e+02 -1.652351153413829030e-02
3.490000000000000000e+02 -1.671262323706394076e-02
3.520000000000000000e+02 -1.699825536485974689e-02
3.540000000000000000e+02 -1.718998557222450180e-02
3.570000000000000000e+02 -1.747954246713492171e-02
3.590000000000000000e+02 -1.767388718047520693e-02
3.620000000000000000e+02 -1.796736280496131002e-02
3.640000000000000000e+02 -1.816431797272283211e-02
3.670000000000000000e+02 -1.846170620971760573e-02
3.700000000000000000e+02 -1.876143904502196313e-02
3.720000000000000000e+02 -1.896256238052184892e-02
3.750000000000000000e+02 -1.926619787614810772e-02
3.780000000000000000e+02 -1.957217193805611821e-02
3.800000000000000000e+02 -1.977745271772135549e-02
3.830000000000000000e+02 -2.008731928562557459e-02
3.860000000000000000e+02 -2.039951826677500329e-02
3.890000000000000000e+02 -2.071404732269619894e-02
3.910000000000000000e+02 -2.092502668350464112e-02
3.940000000000000000e+02 -2.124343395485943017e-02
3.970000000000000000e+02 -2.156416498247220107e-02
4.000000000000000000e+02 -2.188721736601621434e-02
4.030000000000000000e+02 -2.221258868836665026e-02
4.050000000000000000e+02 -2.243079000137128062e-02
4.080000000000000000e+02 -2.276002080481651438e-02
4.110000000000000000e+02 -2.309156401951107176e-02
4.140000000000000000e+02 -2.342541716700044518e-02
4.170000000000000000e+02 -2.376157775217557430e-02
4.200000000000000000e+02 -2.410004326330692642e-02
4.230000000000000000e+02 -2.444081117207470150e-02
4.260000000000000000e+02 -2.478387893360053246e-02
4.290000000000000000e+02 -2.512924398648094110e-02
4.320000000000000000e+02 -2.547690375281899330e-02
4.350000000000000000e+02 -2.582685563825660655e-02
4.380000000000000000e+02 -2.617909703200877944e-02
4.410000000000000000e+02 -2.653362530689496596e-02
4.450000000000000000e+02 -2.700988247262541692e-02
4.480000000000000000e+02 -2.736973649483341944e-02
4.510000000000000000e+02 -2.773186852292892218e-02
4.540000000000000000e+02 -2.809627585907391659e-02
4.570000000000000000e+02 -2.846295578921482702e-02
4.610000000000000000e+02 -2.895539278770229916e-02
4.640000000000000000e+02 -2.932736479168656860e-02
4.670000000000000000e+02 -2.970160022615334766e-02
4.710000000000000000e+02 -3.020409688327871725e-02
4.740000000000000000e+02 -3.058360280147558868e-02
4.770000000000000000e+02 -3.096536280813831643e-02
4.810000000000000000e+02 -3.147787760406497992e-02
4.840000000000000000e+02 -3.186488608935849481e-02
4.880000000000000000e+02 -3.238438845618663714e-02
4.910000000000000000e+02 -3.277662977127221433e-02
4.950000000000000000e+02 -3.330309870986995768e-02
4.980000000000000000e+02 -3.370055700514675706e-02
5.020000000000000000e+02 -3.423397124942131192e-02
5.050000000000000000e+02 -3.463663047561037212e-02
5.090000000000000000e+02 -3.517696849396319964e-02
5.120000000000000000e+02 -3.558481240320790495e-02
5.160000000000000000e+02 -3.613205240000617186e-02
5.200000000000000000e+02 -3.668322649759485354e-02
5.230000000000000000e+02 -3.709918446404967401e-02
5.270000000000000000e+02 -3.765722575993911414e-02
5.310000000000000000e+02 -3.821918109823183723e-02
5.350000000000000000e+02 -3.878504309418921020e-02
5.380000000000000000e+02 -3.921199886570484600e-02
5.420000000000000000e+02 -3.978467959829722067e-02
5.460000000000000000e+02 -4.036124643271717799e-02
5.500000000000000000e+02 -4.094169180449672152e-02
5.540000000000000000e+02 -4.152600810163775691e-02
5.580000000000000000e+02 -4.211418766477878495e-02
5.620000000000000000e+02 -4.270622278736815186e-02
5.660000000000000000e+02 -4.330210571583331669e-02
5.700000000000000000e+02 -4.390182864975275545e-02
5.740000000000000000e+02 -4.450538374202837183e-02
5.780000000000000000e+02 -4.511276309906145365e-02
5.820000000000000000e+02 -4.572395878092447297e-02
5.860000000000000000e+02 -4.633896280153967234e-02
5.900000000000000000e+02 -4.695776712885424420e-02
5.950000000000000000e+02 -4.773660440884484185e-02
5.990000000000000000e+02 -4.836392982211042829e-02
6.030000000000000000e+02 -4.899502912254046633e-02
6.070000000000000000e+02 -4.962989408468037461e-02
6.120000000000000000e+02 -5.042875814529223372e-02
6.160000000000000000e+02 -5.107206553900373730e-02
6.210000000000000000e+02 -5.188145622877771840e-02
6.250000000000000000e+02 -5.253316367547059690e-02
6.290000000000000000e+02 -5.318859074382925600e-02
6.340000000000000000e+02 -5.401309232117654235e-02
6.380000000000000000e+02 -5.467685733898503680e-02
6.430000000000000000e+02 -5.551175417507602655e-02
6.480000000000000000e+02 -5.635240250918518295e-02
6.520000000000000000e+02 -5.702905081881025351e-02
6.570000000000000000e+02 -5.788000887979298514e-02
6.610000000000000000e+02 -5.856488272763241132e-02
6.660000000000000000e+02 -5.942609474995527025e-02
6.710000000000000000e+02 -6.029297909877605333e-02
6.760000000000000000e+02 -6.116551827337964736e-02
6.800000000000000000e+02 -6.186760926195605803e-02
6.850000000000000000e+02 -6.275028269567903272e-02
6.900000000000000000e+02 -6.363856141198048766e-02
6.950000000000000000e+02 -6.453242752540588878e-02
7.000000000000000000e+02 -6.543186305070615438e-02
7.050000000000000000e+02 -6.633684990345188603e-02
7.100000000000000000e+02 -6.724736990064521247e-02
7.150000000000000000e+02 -6.816340476133800341e-02
7.200000000000000000e+02 -6.908493610725223444e-02
7.250000000000000000e+02 -7.001194546340136493e-02
7.310000000000000000e+02 -7.113156150950111778e-02
7.360000000000000000e+02 -7.207055698365709417e-02
7.410000000000000000e+02 -7.301497070552520618e-02
7.460000000000000000e+02 -7.396478380081118742e-02
7.520000000000000000e+02 -7.511165997497923352e-02
7.570000000000000000e+02 -7.607328479481928474e-02
7.620000000000000000e+02 -7.704024796567721101e-02
7.680000000000000000e+02 -7.820762326624070004e-02
7.730000000000000000e+02 -7.918626287810888453e-02
7.790000000000000000e+02 -8.036759353225679525e-02
7.840000000000000000e+02 -8.135781539442635268e-02
7.900000000000000000e+02 -8.255298780314125617e-02
7.950000000000000000e+02 -8.355469677835097864e-02
8.010000000000000000e+02 -8.476359621598635041e-02
8.070000000000000000e+02 -8.597993437147620488e-02
8.130000000000000000e+02 -8.720367660409725219e-02
8.180000000000000000e+02 -8.822909257703458186e-02
8.240000000000000000e+02 -8.946631839909206796e-02
8.300000000000000000e+02 -9.071084920034286347e-02
8.360000000000000000e+02 -9.196264967519993117e-02
8.420000000000000000e+02 -9.322168434869620990e-02
8.480000000000000000e+02 -9.448791757818024439e-02
8.540000000000000000e+02 -9.576131355501268927e-02
8.600000000000000000e+02 -9.704183630627770396e-02
8.660000000000000000e+02 -9.832944969648720057e-02
8.720000000000000000e+02 -9.962411742930227243e-02
8.780000000000000000e+02 -1.009258030492547337e-01
8.850000000000000000e+02 -1.024532572480259529e-01
8.910000000000000000e+02 -1.037700224800367221e-01
8.970000000000000000e+02 -1.050936891267136714e-01
9.040000000000000000e+02 -1.066466399990237679e-01
9.100000000000000000e+02 -1.079851322374859729e-01
9.170000000000000000e+02 -1.095552773678077629e-01
9.230000000000000000e+02 -1.109084195206013479e-01
9.300000000000000000e+02 -1.124955530842078610e-01
9.360000000000000000e+02 -1.138631679958663906e-01
9.430000000000000000e+02 -1.154670824663914241e-01
9.500000000000000000e+02 -1.170799462699461391e-01
9.560000000000000000e+02 -1.184694777374433322e-01
9.630000000000000000e+02 -1.200987999589291366e-01
9.700000000000000000e+02 -1.217368968428219206e-01
9.770000000000000000e+02 -1.233837067830794859e-01
9.840000000000000000e+02 -1.250391679355544738e-01
9.910000000000000000e+02 -1.267032182218964520e-01
9.980000000000000000e+02 -1.283757953334546675e-01
1.005000000000000000e+03 -1.300568367351823129e-01
1.012000000000000000e+03 -1.317462796695701432e-01
1.020000000000000000e+03 -1.336872783901183470e-01
1.027000000000000000e+03 -1.353945122714199922e-01
1.034000000000000000e+03 -1.371099490430154888e-01
1.041000000000000000e+03 -1.388335250676327182e-01
1.049000000000000000e+03 -1.408132107685673706e-01
1.056000000000000000e+03 -1.425540128258369621e-01
1.064000000000000000e+03 -1.445532170770617020e-01
1.071000000000000000e+03 -1.463109501035086135e-01
1.079000000000000000e+03 -1.483293346237596066e-01
1.087000000000000000e+03 -1.503578095860746144e-01
1.094000000000000000e+03 -1.521409261586798012e-01
1.102000000000000000e+03 -1.541880587233336319e-01
1.110000000000000000e+03 -1.562450017494675658e-01
1.118000000000000000e+03 -1.583116573023802265e-01
1.126000000000000000e+03 -1.603879271760673408e-01
1.134000000000000000e+03 -1.624737129010000170e-01
1.142000000000000000e+03 -1.645689157519039936e-01
1.150000000000000000e+03 -1.666734367555647578e-01
1.158000000000000000e+03 -1.687871766986026034e-01
1.167000000000000000e+03 -1.711760298175851458e-01
1.175000000000000000e+03 -1.733090295364910771e-01
1.183000000000000000e+03 -1.754509366907979762e-01
1.192000000000000000e+03 -1.778711047371433485e-01
1.200000000000000000e+03 -1.800316075072001532e-01
1.209000000000000000e+03 -1.824724405048351317e-01
1.217000000000000000e+03 -1.846510849090337303e-01
1.226000000000000000e+03 -1.871120711385962088e-01
1.235000000000000000e+03 -1.895835189218221528e-01
1.243000000000000000e+03 -1.917890273686937153e-01
1.252000000000000000e+03 -1.942798422414302451e-01
1.261000000000000000e+03 -1.967807014527520326e-01
1.270000000000000000e+03 -1.992914601494279736e-01
1.279000000000000000e+03 -2.018119732783751341e-01
1.288000000000000000e+03 -2.043420956005078393e-01
1.297000000000000000e+03 -2.068816817045666112e-01
1.307000000000000000e+03 -2.097143664816174258e-01
1.316000000000000000e+03 -2.122734534619447055e-01
1.325000000000000000e+03 -2.148415508827157816e-01
1.335000000000000000e+03 -2.177053827128186680e-01
1.344000000000000000e+03 -2.202920226780323565e-01
1.354000000000000000e+03 -2.231760955222782117e-01
1.363000000000000000e+03 -2.257806265834810533e-01
1.373000000000000000e+03 -2.286842162298087788e-01
1.383000000000000000e+03 -2.315977867947145996e-01
1.393000000000000000e+03 -2.345211374659085524e-01
1.403000000000000000e+03 -2.374540674083530090e-01
1.413000000000000000e+03 -2.403963757868273765e-01
1.423000000000000000e+03 -2.433478617884415329e-01
1.433000000000000000e+03 -2.463083246450036290e-01
1.443000000000000000e+03 -2.492775636553221097e-01
1.453000000000000000e+03 -2.522553782073880257e-01
1.464000000000000000e+03 -2.555406396715839690e-01
1.474000000000000000e+03 -2.585358103910053162e-01
1.485000000000000000e+03 -2.618396778687679949e-01
1.495000000000000000e+03 -2.648513219194228441e-01
1.506000000000000000e+03 -2.681728252060541773e-01
1.516000000000000000e+03 -2.712000615188269736e-01
1.527000000000000000e+03 -2.745382325835525328e-01
1.538000000000000000e+03 -2.778847489198705834e-01
1.549000000000000000e+03 -2.812393460645667975e-01
1.560000000000000000e+03 -2.846017600155187899e-01
1.571000000000000000e+03 -2.879717272651063364e-01
1.582000000000000000e+03 -2.913489848333359333e-01
1.594000000000000000e+03 -2.950412720531726540e-01
1.605000000000000000e+03 -2.984329257291958859e-01
1.616000000000000000e+03 -3.018310605638077626e-01
1.628000000000000000e+03 -3.055452024189911908e-01
1.639000000000000000e+03 -3.089560478586241277e-01
1.651000000000000000e+03 -3.126834373103670739e-01
1.663000000000000000e+03 -3.164172492098860645e-01
1.675000000000000000e+03 -3.201571494575370935e-01
1.687000000000000000e+03 -3.239028051216121806e-01
1.699000000000000000e+03 -3.276538844849667398e-01
1.711000000000000000e+03 -3.314100570911344690e-01
1.723000000000000000e+03 -3.351709937899163272e-01
1.735000000000000000e+03 -3.389363667824015214e-01
1.748000000000000000e+03 -3.430201485579869591e-01
1.760000000000000000e+03 -3.467937171565814714e-01
1.772000000000000000e+03 -3.505707203137174433e-01
1.785000000000000000e+03 -3.546659763166733481e-01
1.798000000000000000e+03 -3.587644783958556238e-01
1.811000000000000000e+03 -3.628658216892068911e-01
1.823000000000000000e+03 -3.666538506332873149e-01
1.836000000000000000e+03 -3.707595283339101822e-01
1.849000000000000000e+03 -3.748668771435966773e-01
1.863000000000000000e+03 -3.792915910922303180e-01
1.876000000000000000e+03 -3.834011496827077758e-01
1.889000000000000000e+03 -3.875111704290628012e-01
1.903000000000000000e+03 -3.919374189189515079e-01
1.916000000000000000e+03 -3.960471640652421521e-01
1.930000000000000000e+03 -4.004722252643145297e-01
1.944000000000000000e+03 -4.048959758593821401e-01
1.957000000000000000e+03 -4.090021601984291100e-01
1.971000000000000000e+03 -4.134220604347019767e-01
1.985000000000000000e+03 -4.178392858669579546e-01
2.000000000000000000e+03 -4.225685389630153277e-01
