0.000000000000000000e+00 0.000000000000000000e+00
1.000000000000000000e+00 -3.710665706657451576e-08
2.000000000000000000e+00 -1.113199670092841094e-07
3.000000000000000000e+00 -2.226399214472499845e-07
4.000000000000000000e+00 -3.710665078091540921e-07
5.000000000000000000e+00 -5.565997091111945655e-07
6.000000000000000000e+00 -7.792395041791306689e-07
7.000000000000000000e+00 -1.038985867981349930e-06
8.000000000000000000e+00 -1.335838770851711548e-06
9.000000000000000000e+00 -1.669798179266704571e-06
1.000000000000000000e+01 -2.040864054957268423e-06
1.100000000000000000e+01 -2.449036356241060423e-06
1.200000000000000000e+01 -2.894315036468146095e-06
1.300000000000000000e+01 -3.376700045131221344e-06
1.400000000000000000e+01 -3.896191327532545336e-06
1.500000000000000000e+01 -4.452788824561898860e-06
1.600000000000000000e+01 -5.046492473251693297e-06
1.700000000000000000e+01 -5.677302205888796013e-06
1.800000000000000000e+01 -6.345217951013731505e-06
1.900000000000000000e+01 -7.050239632865566499e-06
2.000000000000000000e+01 -7.792367171048848975e-06
2.100000000000000000e+01 -8.571600481754853491e-06
2.200000000000000000e+01 -9.387939476207264714e-06
2.300000000000000000e+01 -1.024138406177241146e-05
2.400000000000000000e+01 -1.113193414173721529e-05
2.500000000000000000e+01 -1.205958961475407736e-05
2.600000000000000000e+01 -1.302435037550702234e-05
2.700000000000000000e+01 -1.402621631448965043e-05
2.800000000000000000e+01 -1.506518731800513570e-05
2.900000000000000000e+01 -1.614126326794418825e-05
3.000000000000000000e+01 -1.725444404234016739e-05
3.100000000000000000e+01 -1.840472951459192215e-05
3.200000000000000000e+01 -1.959211955412992003e-05
3.300000000000000000e+01 -2.081661402630524330e-05
3.400000000000000000e+01 -2.207821279183447074e-05
3.500000000000000000e+01 -2.337691570768785944e-05
3.600000000000000000e+01 -2.471272262620114943e-05
3.700000000000000000e+01 -2.608563339585275368e-05
3.800000000000000000e+01 -2.749564786070862965e-05
3.900000000000000000e+01 -2.894276586064432053e-05
4.000000000000000000e+01 -3.042698723123394983e-05
4.100000000000000000e+01 -3.194831180430532955e-05
4.200000000000000000e+01 -3.350673940682971679e-05
4.300000000000000000e+01 -3.510226986181003964e-05
4.400000000000000000e+01 -3.673490298839188217e-05
4.500000000000000000e+01 -3.840463860108634531e-05
4.600000000000000000e+01 -4.011147651010311369e-05
4.700000000000000000e+01 -4.185541652168352938e-05
4.800000000000000000e+01 -4.363645843798955601e-05
4.900000000000000000e+01 -4.545460205677074575e-05
5.000000000000000000e+01 -4.730984717147521416e-05
5.100000000000000000e+01 -4.920219357147175259e-05
5.200000000000000000e+01 -5.113164104216079626e-05
5.300000000000000000e+01 -5.309818936397524383e-05
5.400000000000000000e+01 -5.510183831404579880e-05
5.500000000000000000e+01 -5.714258766464665716e-05
5.600000000000000000e+01 -5.922043718419472855e-05
5.700000000000000000e+01 -6.133538663669449757e-05
5.800000000000000000e+01 -6.348743578207107039e-05
5.900000000000000000e+01 -6.567658437583722981e-05
6.000000000000000000e+01 -6.790283216975941322e-05
6.100000000000000000e+01 -7.016617891063656892e-05
6.200000000000000000e+01 -7.246662434185444123e-05
6.300000000000000000e+01 -7.480416820194232125e-05
6.400000000000000000e+01 -7.717881022568318853e-05
6.500000000000000000e+01 -7.959055014344765863e-05
6.600000000000000000e+01 -8.203938768119398302e-05
6.700000000000000000e+01 -8.452532256113411526e-05
6.800000000000000000e+01 -8.704835450095664963e-05
6.900000000000000000e+01 -8.960848321415982036e-05
7.000000000000000000e+01 -9.220570840994050639e-05
7.100000000000000000e+01 -9.484002979374935645e-05
7.200000000000000000e+01 -9.751144706618055248e-05
7.300000000000000000e+01 -1.002199599239710645e-04
7.400000000000000000e+01 -1.029655680596674891e-04
7.500000000000000000e+01 -1.057482711616261303e-04
7.600000000000000000e+01 -1.085680689136799329e-04
7.700000000000000000e+01 -1.114249609960265934e-04
7.800000000000000000e+01 -1.143189470838964274e-04
7.900000000000000000e+01 -1.172500268488845156e-04
8.000000000000000000e+01 -1.202181999582846238e-04
8.100000000000000000e+01 -1.232234660749781407e-04
8.200000000000000000e+01 -1.262658248578782882e-04
8.300000000000000000e+01 -1.293452759613749020e-04
8.400000000000000000e+01 -1.324618190362226099e-04
8.500000000000000000e+01 -1.356154537280976368e-04
8.600000000000000000e+01 -1.388061796792631119e-04
8.700000000000000000e+01 -1.420339965272366929e-04
8.800000000000000000e+01 -1.452989039057899022e-04
8.900000000000000000e+01 -1.486009014441709976e-04
9.000000000000000000e+01 -1.519399887674378771e-04
9.100000000000000000e+01 -1.553161654964582141e-04
9.200000000000000000e+01 -1.587294312480205609e-04
9.300000000000000000e+01 -1.621797856345010111e-04
9.400000000000000000e+01 -1.656672282644185818e-04
9.500000000000000000e+01 -1.691917587414359318e-04
9.600000000000000000e+01 -1.727533766656915478e-04
9.700000000000000000e+01 -1.763520816326896571e-04
9.800000000000000000e+01 -1.799878732338553117e-04
9.900000000000000000e+01 -1.836607510565343342e-04
1.000000000000000000e+02 -1.873707146836602240e-04
1.010000000000000000e+02 -1.911177636940873594e-04
1.020000000000000000e+02 -1.949018976623688990e-04
1.030000000000000000e+02 -1.987231161587568089e-04
1.040000000000000000e+02 -2.025814187496458431e-04
1.050000000000000000e+02 -2.064768049969074913e-04
1.060000000000000000e+02 -2.104092744584452532e-04
1.070000000000000000e+02 -2.143788266874171295e-04
1.080000000000000000e+02 -2.183854612335682966e-04
1.090000000000000000e+02 -2.224291776417874097e-04
1.100000000000000000e+02 -2.265099754531062649e-04
1.110000000000000000e+02 -2.306278542042552754e-04
1.120000000000000000e+02 -2.347828134277747929e-04
1.130000000000000000e+02 -2.389748526517930082e-04
1.140000000000000000e+02 -2.432039714004698779e-04
1.150000000000000000e+02 -2.474701691937754322e-04
1.160000000000000000e+02 -2.517734455473782376e-04
1.170000000000000000e+02 -2.561137999726460475e-04
1.180000000000000000e+02 -2.604912319767562282e-04
1.190000000000000000e+02 -2.649057410630291506e-04
1.200000000000000000e+02 -2.693573267301511975e-04
1.210000000000000000e+02 -2.738459884727293325e-04
1.220000000000000000e+02 -2.783717257812916963e-04
1.230000000000000000e+02 -2.829345381417321158e-04
1.240000000000000000e+02 -2.875344250366425347e-04
1.250000000000000000e+02 -2.921713859434256337e-04
1.260000000000000000e+02 -2.968454203356269902e-04
1.270000000000000000e+02 -3.015565276829353493e-04
1.280000000000000000e+02 -3.063047074504050881e-04
1.290000000000000000e+02 -3.110899590989006842e-04
1.300000000000000000e+02 -3.159122820852075216e-04
1.310000000000000000e+02 -3.207716758621429127e-04
1.320000000000000000e+02 -3.256681398777792674e-04
1.330000000000000000e+02 -3.306016735763315671e-04
1.340000000000000000e+02 -3.355722763978253274e-04
1.350000000000000000e+02 -3.405799477780955143e-04
1.360000000000000000e+02 -3.456246871483433219e-04
1.370000000000000000e+02 -3.507064939362459621e-04
1.380000000000000000e+02 -3.558253675648464414e-04
1.390000000000000000e+02 -3.609813074527759309e-04
1.400000000000000000e+02 -3.661743130150305428e-04
1.410000000000000000e+02 -3.714043836620835315e-04
1.420000000000000000e+02 -3.766715188002179270e-04
1.430000000000000000e+02 -3.819757178315269139e-04
1.440000000000000000e+02 -3.873169801539136695e-04
1.450000000000000000e+02 -3.926953051609805034e-04
1.460000000000000000e+02 -3.981106922422506314e-04
1.470000000000000000e+02 -4.035631407830573701e-04
1.480000000000000000e+02 -4.090526501644331145e-04
1.490000000000000000e+02 -4.145792197632203603e-04
1.500000000000000000e+02 -4.201428489520715411e-04
1.510000000000000000e+02 -4.257435370995603765e-04
1.520000000000000000e+02 -4.313812835698484249e-04
1.530000000000000000e+02 -4.370560877230184223e-04
1.540000000000000000e+02 -4.427679489147412690e-04
1.550000000000000000e+02 -4.485168664969420012e-04
1.570000000000000000e+02 -4.601258682177511959e-04
1.580000000000000000e+02 -4.659859510387051227e-04
1.590000000000000000e+02 -4.718830876147171662e-04
1.600000000000000000e+02 -4.778172772760964611e-04
1.610000000000000000e+02 -4.837885193494070369e-04
1.620000000000000000e+02 -4.897968131569116219e-04
1.630000000000000000e+02 -4.958421580165725106e-04
1.650000000000000000e+02 -5.080439981433725483e-04
1.660000000000000000e+02 -5.142004920254868985e-04
1.670000000000000000e+02 -5.203940341899295115e-04
1.680000000000000000e+02 -5.266246239334909781e-04
1.690000000000000000e+02 -5.328922605492170551e-04
1.700000000000000000e+02 -5.391969433255187514e-04
1.720000000000000000e+02 -5.519174444932122784e-04
1.730000000000000000e+02 -5.583332614410330434e-04
1.740000000000000000e+02 -5.647861216616214880e-04
1.750000000000000000e+02 -5.712760244228842982e-04
1.770000000000000000e+02 -5.843669546167787549e-04
1.780000000000000000e+02 -5.909679805633869659e-04
1.790000000000000000e+02 -5.976060460791777834e-04
1.800000000000000000e+02 -6.042811504103319997e-04
1.820000000000000000e+02 -6.177424724847268081e-04
1.830000000000000000e+02 -6.245286887002689680e-04
1.840000000000000000e+02 -6.313519406756667486e-04
1.860000000000000000e+02 -6.451095488043245146e-04
1.870000000000000000e+02 -6.520439033963686083e-04
1.880000000000000000e+02 -6.590152906252822948e-04
1.900000000000000000e+02 -6.730691598255332227e-04
1.910000000000000000e+02 -6.801516402019160438e-04
1.920000000000000000e+02 -6.872711500252585331e-04
1.940000000000000000e+02 -7.016212547769398169e-04
1.950000000000000000e+02 -7.088518480768070569e-04
1.960000000000000000e+02 -7.161194675663584393e-04
1.980000000000000000e+02 -7.307657818121514499e-04
1.990000000000000000e+02 -7.381444749060722980e-04
2.010000000000000000e+02 -7.530129288486833586e-04
2.020000000000000000e+02 -7.605026880102487390e-04
2.040000000000000000e+02 -7.755932664636658964e-04
2.050000000000000000e+02 -7.831940840430337862e-04
2.070000000000000000e+02 -7.985067715942351617e-04
2.080000000000000000e+02 -8.062186398284480748e-04
2.090000000000000000e+02 -8.139675232028949301e-04
2.110000000000000000e+02 -8.295763318507214362e-04
2.120000000000000000e+02 -8.374362553529648978e-04
2.140000000000000000e+02 -8.532671362540737801e-04
2.160000000000000000e+02 -8.692460563559732244e-04
2.170000000000000000e+02 -8.772910288430504390e-04
2.190000000000000000e+02 -8.934919941253535985e-04
2.200000000000000000e+02 -9.016479850823022916e-04
2.220000000000000000e+02 -9.180709789997368525e-04
2.230000000000000000e+02 -9.263379800968098675e-04
2.250000000000000000e+02 -9.429829858773258267e-04
2.270000000000000000e+02 -9.597759901369315970e-04
2.280000000000000000e+02 -9.682279893171013294e-04
2.300000000000000000e+02 -9.852429769829913579e-04
2.310000000000000000e+02 -9.938059635382701703e-04
2.330000000000000000e+02 -1.011042917234807178e-03
2.350000000000000000e+02 -1.028427838520265102e-03
2.360000000000000000e+02 -1.037175784545708336e-03
2.380000000000000000e+02 -1.054782642399048655e-03
2.400000000000000000e+02 -1.072537447989860629e-03
2.410000000000000000e+02 -1.081470328671489071e-03
2.430000000000000000e+02 -1.099447040739046175e-03
2.450000000000000000e+02 -1.117571680273712941e-03
2.470000000000000000e+02 -1.135844239050250734e-03
2.480000000000000000e+02 -1.145035985565263925e-03
2.500000000000000000e+02 -1.163530407635015879e-03
2.520000000000000000e+02 -1.182172728089586882e-03
2.540000000000000000e+02 -1.200962938468931552e-03
2.560000000000000000e+02 -1.219901030246313064e-03
2.570000000000000000e+02 -1.229425528976155983e-03
2.590000000000000000e+02 -1.248585426715656055e-03
2.610000000000000000e+02 -1.267893184242572342e-03
2.630000000000000000e+02 -1.287348792795478579e-03
2.650000000000000000e+02 -1.306952243545927029e-03
2.670000000000000000e+02 -1.326703527598337021e-03
2.690000000000000000e+02 -1.346602635990995240e-03
2.710000000000000000e+02 -1.366649559693946950e-03
2.720000000000000000e+02 -1.376728449446936288e-03
2.740000000000000000e+02 -1.396997079039624537e-03
2.760000000000000000e+02 -1.417413501076671654e-03
2.780000000000000000e+02 -1.437977706294775058e-03
2.800000000000000000e+02 -1.458689685363502922e-03
2.820000000000000000e+02 -1.479549428885626374e-03
2.840000000000000000e+02 -1.500556927396455749e-03
2.860000000000000000e+02 -1.521712171365281275e-03
2.880000000000000000e+02 -1.543015151193711642e-03
2.900000000000000000e+02 -1.564465857217115126e-03
2.920000000000000000e+02 -1.586064279703510880e-03
2.950000000000000000e+02 -1.618738860348404489e-03
2.970000000000000000e+02 -1.640706530976906779e-03
2.990000000000000000e+02 -1.662821883480720313e-03
3.010000000000000000e+02 -1.685084907827074036e-03
3.030000000000000000e+02 -1.707495593916626446e-03
3.050000000000000000e+02 -1.730053931583022588e-03
3.070000000000000000e+02 -1.752759910593006381e-03
3.100000000000000000e+02 -1.787095684078435220e-03
3.120000000000000000e+02 -1.810170721239509357e-03
3.140000000000000000e+02 -1.833393363402606620e-03
3.160000000000000000e+02 -1.856763600033694162e-03
3.180000000000000000e+02 -1.880281420532507177e-03
3.210000000000000000e+02 -1.915834847680014663e-03
3.230000000000000000e+02 -1.939721581032920498e-03
3.250000000000000000e+02 -1.963755860626476522e-03
3.280000000000000000e+02 -2.000083905353586093e-03
3.300000000000000000e+02 -2.024487002710862946e-03
3.320000000000000000e+02 -2.049037607864191788e-03
3.350000000000000000e+02 -2.086140068336134711e-03
3.370000000000000000e+02 -2.111059394119920492e-03
3.400000000000000000e+02 -2.148714882746489974e-03
3.420000000000000000e+02 -2.174002858529176969e-03
3.440000000000000000e+02 -2.199438274301494019e-03
3.470000000000000000e+02 -2.237867822690572505e-03
3.490000000000000000e+02 -2.263671787827851653e-03
3.520000000000000000e+02 -2.302654105598375429e-03
3.540000000000000000e+02 -2.328826546969746825e-03
3.570000000000000000e+02 -2.368361523644560256e-03
3.590000000000000000e+02 -2.394902367078358997e-03
3.620000000000000000e+02 -2.434989890619412237e-03
3.640000000000000000e+02 -2.461899060902869151e-03
3.670000000000000000e+02 -2.502539017711466213e-03
3.700000000000000000e+02 -2.543510379304324189e-03
3.720000000000000000e+02 -2.571008713510223188e-03
3.750000000000000000e+02 -2.612532323368365814e-03
3.780000000000000000e+02 -2.654387225812133121e-03
3.800000000000000000e+02 -2.682474524475605537e-03
3.830000000000000000e+02 -2.724881486191384639e-03
3.860000000000000000e+02 -2.767619625899539037e-03
3.890000000000000000e+02 -2.810688900011134618e-03
3.910000000000000000e+02 -2.839585691298357906e-03
3.940000000000000000e+02 -2.883206758303741117e-03
3.970000000000000000e+02 -2.927158841830283017e-03
4.000000000000000000e+02 -2.971441897055636383e-03
4.030000000000000000e+02 -3.016055878821540838e-03
4.050000000000000000e+02 -3.045982358957813156e-03
4.080000000000000000e+02 -3.091147783693502706e-03
4.110000000000000000e+02 -3.136644012905137092e-03
4.140000000000000000e+02 -3.182471000202451421e-03
4.170000000000000000e+02 -3.228628698859845308e-03
4.200000000000000000e+02 -3.275117061815941821e-03
4.230000000000000000e+02 -3.321936041673819937e-03
4.260000000000000000e+02 -3.369085590701011504e-03
4.290000000000000000e+02 -3.416565660829512519e-03
4.320000000000000000e+02 -3.464376203656449691e-03
4.350000000000000000e+02 -3.512517170443309796e-03
4.380000000000000000e+02 -3.560988512116499555e-03
4.410000000000000000e+02 -3.609790179267683037e-03
4.450000000000000000e+02 -3.675372822409705108e-03
4.480000000000000000e+02 -3.724945054982922634e-03
4.510000000000000000e+02 -3.774847445919864413e-03
4.540000000000000000e+02 -3.825079944360924855e-03
4.570000000000000000e+02 -3.875642499112223228e-03
4.610000000000000000e+02 -3.943572570597097572e-03
4.640000000000000000e+02 -3.994905055770821972e-03
4.670000000000000000e+02 -4.046567424192410410e-03
4.710000000000000000e+02 -4.115963642770020629e-03
4.740000000000000000e+02 -4.168395533468343371e-03
4.770000000000000000e+02 -4.221157130638289803e-03
4.810000000000000000e+02 -4.292018710637893891e-03
4.840000000000000000e+02 -4.345549413278263808e-03
4.880000000000000000e+02 -4.417436269968694380e-03
4.910000000000000000e+02 -4.471735781165909855e-03
4.950000000000000000e+02 -4.544647515837452363e-03
4.980000000000000000e+02 -4.599715534440946239e-03
5.020000000000000000e+02 -4.673651742736083595e-03
5.050000000000000000e+02 -4.729487963361018663e-03
5.090000000000000000e+02 -4.804448235278644015e-03
5.120000000000000000e+02 -4.861052348308625252e-03
5.160000000000000000e+02 -4.937036268207589500e-03
5.200000000000000000e+02 -5.013604941026847221e-03
5.230000000000000000e+02 -5.071415106401710483e-03
5.270000000000000000e+02 -5.149006762666722553e-03
5.310000000000000000e+02 -5.227182788144291506e-03
5.350000000000000000e+02 -5.305943041335260332e-03
5.380000000000000000e+02 -5.365396544953057213e-03
5.420000000000000000e+02 -5.445178853003952366e-03
5.460000000000000000e+02 -5.525544994236073100e-03
5.500000000000000000e+02 -5.606494823217489896e-03
5.540000000000000000e+02 -5.688028193468027544e-03
5.580000000000000000e+02 -5.770144957461067516e-03
5.620000000000000000e+02 -5.852844966622020549e-03
5.660000000000000000e+02 -5.936128071330684132e-03
5.700000000000000000e+02 -6.019994120921040408e-03
5.740000000000000000e+02 -6.104442963681179848e-03
5.780000000000000000e+02 -6.189474446853765292e-03
5.820000000000000000e+02 -6.275088416638281881e-03
5.860000000000000000e+02 -6.361284718188844368e-03
5.900000000000000000e+02 -6.448063195616767981e-03
5.950000000000000000e+02 -6.557354738053224920e-03
5.990000000000000000e+02 -6.645442535833367796e-03
6.030000000000000000e+02 -6.734111995650215142e-03
6.070000000000000000e+02 -6.823362957184852563e-03
6.120000000000000000e+02 -6.935744149972566247e-03
6.160000000000000000e+02 -7.026302898814541786e-03
6.210000000000000000e+02 -7.140318309560932976e-03
6.250000000000000000e+02 -7.232184016977980662e-03
6.290000000000000000e+02 -7.324630325764240613e-03
6.340000000000000000e+02 -7.441004427792019885e-03
6.380000000000000000e+02 -7.534756477203156423e-03
6.430000000000000000e+02 -7.652762220763029838e-03
6.480000000000000000e+02 -7.771673966364156874e-03
6.520000000000000000e+02 -7.867455458818201075e-03
6.570000000000000000e+02 -7.987997160462787308e-03
6.610000000000000000e+02 -8.085082178333419592e-03
6.660000000000000000e+02 -8.207252733658760430e-03
6.710000000000000000e+02 -8.330327725947078710e-03
6.760000000000000000e+02 -8.454306807897920412e-03
6.800000000000000000e+02 -8.554140783020797514e-03
6.850000000000000000e+02 -8.679746343124105853e-03
6.900000000000000000e+02 -8.806255007047231534e-03
6.950000000000000000e+02 -8.933666417922715361e-03
7.000000000000000000e+02 -9.061980216369631275e-03
7.050000000000000000e+02 -9.191196040494908209e-03
7.100000000000000000e+02 -9.321313525895540131e-03
7.150000000000000000e+02 -9.452332305659895753e-03
7.200000000000000000e+02 -9.584252010370592975e-03
7.250000000000000000e+02 -9.717072268104051322e-03
7.310000000000000000e+02 -9.877644780006801864e-03
7.360000000000000000e+02 -1.001244493289052233e-02
7.410000000000000000e+02 -1.014814443183199508e-02
7.460000000000000000e+02 -1.028474289440862305e-02
7.520000000000000000e+02 -1.044984713935672924e-02
7.570000000000000000e+02 -1.058842196350395781e-02
7.620000000000000000e+02 -1.072789451077022296e-02
7.680000000000000000e+02 -1.089644600863979088e-02
7.730000000000000000e+02 -1.103789216028535670e-02
7.790000000000000000e+02 -1.120881083041581038e-02
7.840000000000000000e+02 -1.135222865837076135e-02
7.900000000000000000e+02 -1.152551217121206006e-02
7.950000000000000000e+02 -1.167089972097347210e-02
8.010000000000000000e+02 -1.184654571528429880e-02
8.070000000000000000e+02 -1.202347932930156356e-02
8.130000000000000000e+02 -1.220169984596601413e-02
8.180000000000000000e+02 -1.235119947295627504e-02
8.240000000000000000e+02 -1.253177743178541734e-02
8.300000000000000000e+02 -1.271364023379656372e-02
8.360000000000000000e+02 -1.289678714232324330e-02
8.420000000000000000e+02 -1.308121741559541140e-02
8.480000000000000000e+02 -1.326693030674583502e-02
8.540000000000000000e+02 -1.345392506381458929e-02
8.600000000000000000e+02 -1.364220092975390250e-02
8.660000000000000000e+02 -1.383175714243365176e-02
8.720000000000000000e+02 -1.402259293464641621e-02
8.780000000000000000e+02 -1.421470753411334040e-02
8.850000000000000000e+02 -1.444045646642878530e-02
8.910000000000000000e+02 -1.463533914146675913e-02
8.970000000000000000e+02 -1.483149814480865664e-02
9.040000000000000000e+02 -1.506196239383797084e-02
9.100000000000000000e+02 -1.526088404679646834e-02
9.170000000000000000e+02 -1.549456919187560192e-02
9.230000000000000000e+02 -1.569624971882846443e-02
9.300000000000000000e+02 -1.593315132520937288e-02
9.360000000000000000e+02 -1.613758689938324734e-02
9.430000000000000000e+02 -1.637770047271341553e-02
9.500000000000000000e+02 -1.661954168429791504e-02
9.560000000000000000e+02 -1.682820820277622365e-02
9.630000000000000000e+02 -1.707325435086907289e-02
9.700000000000000000e+02 -1.732002431380862129e-02
9.770000000000000000e+02 -1.756851673558719809e-02
9.840000000000000000e+02 -1.781873025097984592e-02
9.910000000000000000e+02 -1.807066348555767116e-02
9.980000000000000000e+02 -1.832431505569994540e-02
1.005000000000000000e+03 -1.857968356860750098e-02
1.012000000000000000e+03 -1.883676762231525220e-02
1.020000000000000000e+03 -1.913267682101570805e-02
1.027000000000000000e+03 -1.939343227013530513e-02
1.034000000000000000e+03 -1.965589879435563139e-02
1.041000000000000000e+03 -1.992007495387978361e-02
1.049000000000000000e+03 -2.022408213669238397e-02
1.056000000000000000e+03 -2.049191690985557868e-02
1.064000000000000000e+03 -2.080010152506629739e-02
1.071000000000000000e+03 -2.107158816949185332e-02
1.079000000000000000e+03 -2.138394246061836243e-02
1.087000000000000000e+03 -2.169851737227610974e-02
1.094000000000000000e+03 -2.197559025389744444e-02
1.102000000000000000e+03 -2.229432275103831670e-02
1.110000000000000000e+03 -2.261526935703222357e-02
1.118000000000000000e+03 -2.293842777728761356e-02
1.126000000000000000e+03 -2.326379570195099417e-02
1.134000000000000000e+03 -2.359137080593296312e-02
1.142000000000000000e+03 -2.392115074893736218e-02
1.150000000000000000e+03 -2.425313317549030248e-02
1.158000000000000000e+03 -2.458731571496710136e-02
1.167000000000000000e+03 -2.496589792323794174e-02
1.175000000000000000e+03 -2.530474776246705373e-02
1.183000000000000000e+03 -2.564579020908949736e-02
1.192000000000000000e+03 -2.603208078284428156e-02
1.200000000000000000e+03 -2.637777442380375564e-02
1.209000000000000000e+03 -2.676929135067384127e-02
1.217000000000000000e+03 -2.711962505655542838e-02
1.226000000000000000e+03 -2.751635573532731915e-02
1.235000000000000000e+03 -2.791584147927371126e-02
1.243000000000000000e+03 -2.827324990227052248e-02
1.252000000000000000e+03 -2.867792981502093747e-02
1.261000000000000000e+03 -2.908535432638287288e-02
1.270000000000000000e+03 -2.949551976733688630e-02
1.279000000000000000e+03 -2.990842244530940441e-02
1.288000000000000000e+03 -3.032405864422848055e-02
1.297000000000000000e+03 -3.074242462458092601e-02
1.307000000000000000e+03 -3.121047273185145743e-02
1.316000000000000000e+03 -3.163458919857661811e-02
1.325000000000000000e+03 -3.206142366340661298e-02
1.335000000000000000e+03 -3.253886728988735627e-02
1.344000000000000000e+03 -3.297142712768929423e-02
1.354000000000000000e+03 -3.345522269237689167e-02
1.363000000000000000e+03 -3.389349059270771458e-02
1.373000000000000000e+03 -3.438361874144870572e-02
1.383000000000000000e+03 -3.487707197421644617e-02
1.393000000000000000e+03 -3.537384482853913464e-02
1.403000000000000000e+03 -3.587393180725369224e-02
1.413000000000000000e+03 -3.637732737860521065e-02
1.423000000000000000e+03 -3.688402597635302010e-02
1.433000000000000000e+03 -3.739402199987448827e-02
1.443000000000000000e+03 -3.790730981426891633e-02
1.453000000000000000e+03 -3.842388375046414811e-02
1.464000000000000000e+03 -3.899590374324992531e-02
1.474000000000000000e+03 -3.951935993098484173e-02
1.485000000000000000e+03 -4.009893643724677520e-02
1.495000000000000000e+03 -4.062924941186903116e-02
1.506000000000000000e+03 -4.121635424868562436e-02
1.516000000000000000e+03 -4.175349823369202407e-02
1.527000000000000000e+03 -4.234810287627124165e-02
1.538000000000000000e+03 -4.294662449040378971e-02
1.549000000000000000e+03 -4.354905510782542538e-02
1.560000000000000000e+03 -4.415538671191341497e-02
1.571000000000000000e+03 -4.476561123786851337e-02
1.582000000000000000e+03 -4.537972057289434841e-02
1.594000000000000000e+03 -4.605407904753214265e-02
1.605000000000000000e+03 -4.667628473897048741e-02
1.616000000000000000e+03 -4.730234986208801257e-02
1.628000000000000000e+03 -4.798972189956016154e-02
1.639000000000000000e+03 -4.862382984415342807e-02
1.651000000000000000e+03 -4.931995588211180587e-02
1.663000000000000000e+03 -5.002063324770705116e-02
1.675000000000000000e+03 -5.072585089931976737e-02
1.687000000000000000e+03 -5.143559772982843337e-02
1.699000000000000000e+03 -5.214986256690763711e-02
1.711000000000000000e+03 -5.286863417332467174e-02
1.723000000000000000e+03 -5.359190124723754028e-02
1.735000000000000000e+03 -5.431965242249814363e-02
1.748000000000000000e+03 -5.511309645439614602e-02
1.760000000000000000e+03 -5.585015272215598098e-02
1.772000000000000000e+03 -5.659165764404341242e-02
1.785000000000000000e+03 -5.739996134027502972e-02
1.798000000000000000e+03 -5.821345751743187830e-02
1.811000000000000000e+03 -5.903213122553056802e-02
1.823000000000000000e+03 -5.979241247315786323e-02
1.836000000000000000e+03 -6.062100063845238945e-02
1.849000000000000000e+03 -6.145472214616185674e-02
1.863000000000000000e+03 -6.235829938463700872e-02
1.876000000000000000e+03 -6.320263352121359424e-02
1.889000000000000000e+03 -6.405205370952636590e-02
1.903000000000000000e+03 -6.497248403870720113e-02
1.916000000000000000e+03 -6.583241782076354465e-02
1.930000000000000000e+03 -6.676413409183115655e-02
1.944000000000000000e+03 -6.770167349884552432e-02
1.957000000000000000e+03 -6.857744255403820655e-02
1.971000000000000000e+03 -6.952615619030919070e-02
1.985000000000000000e+03 -7.048063457417516608e-02
2.000000000000000000e+03 -7.150966419863892531e-02
