0.000000000000000000e+00 0.000000000000000000e+00
1.000000000000000000e+00 -8.862664150261082022e-08
2.000000000000000000e+00 -2.658799004998235580e-07
3.000000000000000000e+00 -5.317597287535764779e-07
4.000000000000000000e+00 -8.862660544618900181e-07
5.000000000000000000e+00 -1.329398781148645869e-06
6.000000000000000000e+00 -1.861157788995856260e-06
7.000000000000000000e+00 -2.481542933400379421e-06
8.000000000000000000e+00 -3.190554046306187539e-06
9.000000000000000000e+00 -3.988190935538242041e-06
1.000000000000000000e+01 -4.874453384802491689e-06
1.100000000000000000e+01 -5.849341153463841746e-06
1.200000000000000000e+01 -6.912853977323313897e-06
1.300000000000000000e+01 -8.064991567729865715e-06
1.400000000000000000e+01 -9.305753612690638251e-06
1.500000000000000000e+01 -1.063513977553868162e-05
1.600000000000000000e+01 -1.205314969548808433e-05
1.700000000000000000e+01 -1.355978298818908643e-05
1.800000000000000000e+01 -1.515503924506197117e-05
1.900000000000000000e+01 -1.683891803329704633e-05
2.000000000000000000e+01 -1.861141889652083225e-05
2.100000000000000000e+01 -2.047254135390785124e-05
2.200000000000000000e+01 -2.242228490062475910e-05
2.300000000000000000e+01 -2.446064900805239488e-05
2.400000000000000000e+01 -2.658763312356373618e-05
2.500000000000000000e+01 -2.880323666985781285e-05
2.600000000000000000e+01 -3.110745904662501777e-05
2.700000000000000000e+01 -3.350029962854875285e-05
2.800000000000000000e+01 -3.598175776674871558e-05
2.900000000000000000e+01 -3.855183278855888151e-05
3.000000000000000000e+01 -4.121052399686137723e-05
3.100000000000000000e+01 -4.395783067064162577e-05
3.200000000000000000e+01 -4.679375206476631550e-05
3.300000000000000000e+01 -4.971828741031648067e-05
3.400000000000000000e+01 -5.273143591414343245e-05
3.500000000000000000e+01 -5.583319675897981517e-05
3.600000000000000000e+01 -5.902356910388368872e-05
3.700000000000000000e+01 -6.230255208357244896e-05
3.800000000000000000e+01 -6.567014480886695081e-05
3.900000000000000000e+01 -6.912634636646941620e-05
4.000000000000000000e+01 -7.267115581907454449e-05
4.100000000000000000e+01 -7.630457220536953277e-05
4.200000000000000000e+01 -8.002659454025613404e-05
4.300000000000000000e+01 -8.383722181429554567e-05
4.400000000000000000e+01 -8.773645299381949950e-05
4.500000000000000000e+01 -9.172428702192947608e-05
4.600000000000000000e+01 -9.580072281672037497e-05
4.700000000000000000e+01 -9.996575927316788031e-05
4.800000000000000000e+01 -1.042193952615742976e-04
4.900000000000000000e+01 -1.085616296284565833e-04
5.000000000000000000e+01 -1.129924611963245166e-04
5.100000000000000000e+01 -1.175118887636805644e-04
5.200000000000000000e+01 -1.221199111047980396e-04
5.300000000000000000e+01 -1.268165269703870862e-04
5.400000000000000000e+01 -1.316017350867066901e-04
5.500000000000000000e+01 -1.364755341560086469e-04
5.600000000000000000e+01 -1.414379228567598501e-04
5.700000000000000000e+01 -1.464888998433090076e-04
5.800000000000000000e+01 -1.516284637462199522e-04
5.900000000000000000e+01 -1.568566131713834092e-04
6.000000000000000000e+01 -1.621733467013493184e-04
6.100000000000000000e+01 -1.675786628943276059e-04
6.200000000000000000e+01 -1.730725602847434585e-04
6.300000000000000000e+01 -1.786550373825711085e-04
6.400000000000000000e+01 -1.843260926742221748e-04
6.500000000000000000e+01 -1.900857246217683982e-04
6.600000000000000000e+01 -1.959339316637189062e-04
6.700000000000000000e+01 -2.018707122139101523e-04
6.800000000000000000e+01 -2.078960646627270260e-04
6.900000000000000000e+01 -2.140099873764367462e-04
7.000000000000000000e+01 -2.202124786969670601e-04
7.100000000000000000e+01 -2.265035369425722964e-04
7.200000000000000000e+01 -2.328831604076112656e-04
7.300000000000000000e+01 -2.393513473618812896e-04
7.400000000000000000e+01 -2.459080960517286141e-04
7.500000000000000000e+01 -2.525534046992709814e-04
7.600000000000000000e+01 -2.592872715025088697e-04
7.700000000000000000e+01 -2.661096946357696907e-04
7.800000000000000000e+01 -2.730206722490415472e-04
7.900000000000000000e+01 -2.800202024685285074e-04
8.000000000000000000e+01 -2.871082833965396910e-04
8.100000000000000000e+01 -2.942849131106009281e-04
8.200000000000000000e+01 -3.015500896653423011e-04
8.300000000000000000e+01 -3.089038110907220045e-04
8.400000000000000000e+01 -3.163460753929142524e-04
8.500000000000000000e+01 -3.238768805539764825e-04
8.600000000000000000e+01 -3.314962245320714554e-04
8.700000000000000000e+01 -3.392041052613561773e-04
8.800000000000000000e+01 -3.470005206517600186e-04
8.900000000000000000e+01 -3.548854685897618699e-04
9.000000000000000000e+01 -3.628589469372798105e-04
9.100000000000000000e+01 -3.709209535327818194e-04
9.200000000000000000e+01 -3.790714861901752267e-04
9.300000000000000000e+01 -3.873105426995839245e-04
9.400000000000000000e+01 -3.956381208275707361e-04
9.500000000000000000e+01 -4.040542183158050407e-04
9.600000000000000000e+01 -4.125588328828391294e-04
9.700000000000000000e+01 -4.211519622231092762e-04
9.800000000000000000e+01 -4.298336040064915401e-04
9.900000000000000000e+01 -4.386037558796340328e-04
1.000000000000000000e+02 -4.474624154644028773e-04
1.010000000000000000e+02 -4.564095803594363579e-04
1.020000000000000000e+02 -4.654452481389239455e-04
1.030000000000000000e+02 -4.745694163532724317e-04
1.040000000000000000e+02 -4.837820825287727534e-04
1.050000000000000000e+02 -4.930832441679334393e-04
1.060000000000000000e+02 -5.024728987492582937e-04
1.070000000000000000e+02 -5.119510437269137642e-04
1.080000000000000000e+02 -5.215176765316167397e-04
1.090000000000000000e+02 -5.311727945699689594e-04
1.100000000000000000e+02 -5.409163952242347509e-04
1.110000000000000000e+02 -5.507484758530069476e-04
1.120000000000000000e+02 -5.606690337910968415e-04
1.130000000000000000e+02 -5.706780663488671829e-04
1.140000000000000000e+02 -5.807755708133430532e-04
1.150000000000000000e+02 -5.909615444468792724e-04
1.160000000000000000e+02 -6.012359844884928835e-04
1.170000000000000000e+02 -6.115988881528643855e-04
1.180000000000000000e+02 -6.220502526306701495e-04
1.190000000000000000e+02 -6.325900750890273757e-04
1.200000000000000000e+02 -6.432183526704942419e-04
1.210000000000000000e+02 -6.539350824945140608e-04
1.220000000000000000e+02 -6.647402616557489697e-04
1.230000000000000000e+02 -6.756338872251911295e-04
1.240000000000000000e+02 -6.866159562500517019e-04
1.250000000000000000e+02 -6.976864657534271328e-04
1.260000000000000000e+02 -7.088454127347443246e-04
1.270000000000000000e+02 -7.200927941687606778e-04
1.280000000000000000e+02 -7.314286070071187272e-04
1.290000000000000000e+02 -7.428528481770145259e-04
1.300000000000000000e+02 -7.543655145820850642e-04
1.310000000000000000e+02 -7.659666031015206333e-04
1.320000000000000000e+02 -7.776561105909525701e-04
1.330000000000000000e+02 -7.894340338820103609e-04
1.340000000000000000e+02 -8.013003697822097511e-04
1.350000000000000000e+02 -8.132551150752859214e-04
1.360000000000000000e+02 -8.252982665210827897e-04
1.370000000000000000e+02 -8.374298208553312929e-04
1.380000000000000000e+02 -8.496497747900933666e-04
1.390000000000000000e+02 -8.619581250132065092e-04
1.400000000000000000e+02 -8.743548681888395433e-04
1.410000000000000000e+02 -8.868400009568261572e-04
1.420000000000000000e+02 -8.994135199337757779e-04
1.430000000000000000e+02 -9.120754217117409786e-04
1.440000000000000000e+02 -9.248257028588832869e-04
1.450000000000000000e+02 -9.376643599198072280e-04
1.460000000000000000e+02 -9.505913894151159097e-04
1.470000000000000000e+02 -9.636067878411887612e-04
1.480000000000000000e+02 -9.767105516708485344e-04
1.490000000000000000e+02 -9.899026773528053248e-04
1.500000000000000000e+02 -1.003183161311768570e-03
1.510000000000000000e+02 -1.016551999949001726e-03
1.520000000000000000e+02 -1.030009189640879088e-03
1.530000000000000000e+02 -1.043554726741106452e-03
1.540000000000000000e+02 -1.057188607578833954e-03
1.550000000000000000e+02 -1.070910828459100371e-03
1.570000000000000000e+02 -1.098620275449177378e-03
1.580000000000000000e+02 -1.112607494050062195e-03
1.590000000000000000e+02 -1.126683037675967449e-03
1.600000000000000000e+02 -1.140846902512485149e-03
1.610000000000000000e+02 -1.155099084721318645e-03
1.620000000000000000e+02 -1.169439580440837737e-03
1.630000000000000000e+02 -1.183868385784967586e-03
1.650000000000000000e+02 -1.212990909683986070e-03
1.660000000000000000e+02 -1.227684620347837706e-03
1.670000000000000000e+02 -1.242466624854116379e-03
1.680000000000000000e+02 -1.257336919197083640e-03
1.690000000000000000e+02 -1.272295499347778297e-03
1.700000000000000000e+02 -1.287342361253241427e-03
1.720000000000000000e+02 -1.317700913996526241e-03
1.730000000000000000e+02 -1.333012596608767336e-03
1.740000000000000000e+02 -1.348412544524726095e-03
1.750000000000000000e+02 -1.363900753571893609e-03
1.770000000000000000e+02 -1.395141938250711632e-03
1.780000000000000000e+02 -1.410894905418240810e-03
1.790000000000000000e+02 -1.426736116788512084e-03
1.800000000000000000e+02 -1.442665568070024490e-03
1.820000000000000000e+02 -1.474789173079890919e-03
1.830000000000000000e+02 -1.490983318105253922e-03
1.840000000000000000e+02 -1.507265685636543021e-03
1.860000000000000000e+02 -1.540095070547497754e-03
1.870000000000000000e+02 -1.556642079033858893e-03
1.880000000000000000e+02 -1.573277292238426262e-03
1.900000000000000000e+02 -1.606812314753599917e-03
1.910000000000000000e+02 -1.623712114979813893e-03
1.920000000000000000e+02 -1.640700101755894220e-03
1.940000000000000000e+02 -1.674940616526460072e-03
1.950000000000000000e+02 -1.692193135246136161e-03
1.960000000000000000e+02 -1.709533821965726662e-03
1.980000000000000000e+02 -1.744479680592628430e-03
1.990000000000000000e+02 -1.762084843034383537e-03
2.010000000000000000e+02 -1.797559610331978322e-03
2.020000000000000000e+02 -1.815429205579287665e-03
2.040000000000000000e+02 -1.851432795071582867e-03
2.050000000000000000e+02 -1.869566779565067253e-03
2.070000000000000000e+02 -1.906099103490214303e-03
2.080000000000000000e+02 -1.924497433027627050e-03
2.090000000000000000e+02 -1.942983867645776096e-03
2.110000000000000000e+02 -1.980221032075063416e-03
2.120000000000000000e+02 -1.998971751801219797e-03
2.140000000000000000e+02 -2.036737440887808736e-03
2.160000000000000000e+02 -2.074855428689138890e-03
2.170000000000000000e+02 -2.094046521719772434e-03
2.190000000000000000e+02 -2.132692880056943387e-03
2.200000000000000000e+02 -2.152148134898375885e-03
2.220000000000000000e+02 -2.191322769586671187e-03
2.230000000000000000e+02 -2.211042138825582409e-03
2.250000000000000000e+02 -2.250744954396442354e-03
2.270000000000000000e+02 -2.290799836884010489e-03
2.280000000000000000e+02 -2.310959289679975336e-03
2.300000000000000000e+02 -2.351542191085303699e-03
2.310000000000000000e+02 -2.371965628706840679e-03
2.330000000000000000e+02 -2.413076450140604155e-03
2.350000000000000000e+02 -2.454539162688752166e-03
2.360000000000000000e+02 -2.475402464114276769e-03
2.380000000000000000e+02 -2.517392929027615061e-03
2.400000000000000000e+02 -2.559735172092666555e-03
2.410000000000000000e+02 -2.581038196119231007e-03
2.430000000000000000e+02 -2.623908020326398000e-03
2.450000000000000000e+02 -2.667129507351239000e-03
2.470000000000000000e+02 -2.710702610395692054e-03
2.480000000000000000e+02 -2.732621003197487162e-03
2.500000000000000000e+02 -2.776721441696434426e-03
2.520000000000000000e+02 -2.821173377562095907e-03
2.540000000000000000e+02 -2.865976762669695307e-03
2.560000000000000000e+02 -2.911131548515423148e-03
2.570000000000000000e+02 -2.933840701454294448e-03
2.590000000000000000e+02 -2.979522496634578587e-03
2.610000000000000000e+02 -3.025555569637211183e-03
2.630000000000000000e+02 -3.071939870632414346e-03
2.650000000000000000e+02 -3.118675349412953872e-03
2.670000000000000000e+02 -3.165761955392478247e-03
2.690000000000000000e+02 -3.213199637606635808e-03
2.710000000000000000e+02 -3.260988344712633259e-03
2.720000000000000000e+02 -3.285014316452102533e-03
2.740000000000000000e+02 -3.333329463801092043e-03
2.760000000000000000e+02 -3.381995506030800215e-03
2.780000000000000000e+02 -3.431012390475268650e-03
2.800000000000000000e+02 -3.480380064091346745e-03
2.820000000000000000e+02 -3.530098473457248844e-03
2.840000000000000000e+02 -3.580167564773785883e-03
2.860000000000000000e+02 -3.630587283864700632e-03
2.880000000000000000e+02 -3.681357576175678034e-03
2.900000000000000000e+02 -3.732478386775788925e-03
2.920000000000000000e+02 -3.783949660356277465e-03
2.950000000000000000e+02 -3.861813566900039896e-03
2.970000000000000000e+02 -3.914160753482237402e-03
2.990000000000000000e+02 -3.966858206495765989e-03
3.010000000000000000e+02 -4.019905868935993304e-03
3.030000000000000000e+02 -4.073303683421496818e-03
3.050000000000000000e+02 -4.127051592194057317e-03
3.070000000000000000e+02 -4.181149537119567897e-03
3.100000000000000000e+02 -4.262952644198926382e-03
3.120000000000000000e+02 -4.317925422698635878e-03
3.140000000000000000e+02 -4.373248030918013528e-03
3.160000000000000000e+02 -4.428920409029162356e-03
3.180000000000000000e+02 -4.484942496829544961e-03
3.210000000000000000e+02 -4.569631201579097378e-03
3.230000000000000000e+02 -4.626527297749341745e-03
3.250000000000000000e+02 -4.683772889940253543e-03
3.280000000000000000e+02 -4.770296447772045395e-03
3.300000000000000000e+02 -4.828415508412281856e-03
3.320000000000000000e+02 -4.886883846806822432e-03
3.350000000000000000e+02 -4.975241111822310131e-03
3.370000000000000000e+02 -5.034582367257200465e-03
3.400000000000000000e+02 -5.124248708189393063e-03
3.420000000000000000e+02 -5.184462479773888077e-03
3.440000000000000000e+02 -5.245025144257935840e-03
3.470000000000000000e+02 -5.336523171890457731e-03
3.490000000000000000e+02 -5.397957781448936045e-03
3.520000000000000000e+02 -5.490763416521608070e-03
3.540000000000000000e+02 -5.553069556229641227e-03
3.570000000000000000e+02 -5.647182171975039834e-03
3.590000000000000000e+02 -5.710359421068338104e-03
3.620000000000000000e+02 -5.805778381963452341e-03
3.640000000000000000e+02 -5.869826313843576858e-03
3.670000000000000000e+02 -5.966550975616991860e-03
3.700000000000000000e+02 -6.064058745030932555e-03
3.720000000000000000e+02 -6.129498867495266311e-03
3.750000000000000000e+02 -6.228311288775509845e-03
3.780000000000000000e+02 -6.327906181582638144e-03
3.800000000000000000e+02 -6.394737363763699882e-03
3.830000000000000000e+02 -6.495635837079469579e-03
3.860000000000000000e+02 -6.597316132410697628e-03
3.890000000000000000e+02 -6.699778002739854334e-03
3.910000000000000000e+02 -6.768520001790076859e-03
3.940000000000000000e+02 -6.872283943082425385e-03
3.970000000000000000e+02 -6.976828791470165471e-03
4.000000000000000000e+02 -7.082154293046273238e-03
4.030000000000000000e+02 -7.188260192027331671e-03
4.050000000000000000e+02 -7.259430884966384771e-03
4.080000000000000000e+02 -7.366836872787420332e-03
4.110000000000000000e+02 -7.475022566756919611e-03
4.140000000000000000e+02 -7.583987704219963093e-03
4.170000000000000000e+02 -7.693732020649402328e-03
4.200000000000000000e+02 -7.804255249647802824e-03
4.230000000000000000e+02 -7.915557122947844762e-03
4.260000000000000000e+02 -8.027637370414489673e-03
4.290000000000000000e+02 -8.140495720045272734e-03
4.320000000000000000e+02 -8.254131897971458964e-03
4.350000000000000000e+02 -8.368545628459012065e-03
4.380000000000000000e+02 -8.483736633911314468e-03
4.410000000000000000e+02 -8.599704634867449959e-03
4.450000000000000000e+02 -8.755536809313055335e-03
4.480000000000000000e+02 -8.873316702535126443e-03
4.510000000000000000e+02 -8.991872646290153051e-03
4.540000000000000000e+02 -9.111204353059346867e-03
4.570000000000000000e+02 -9.231311533467964972e-03
4.610000000000000000e+02 -9.392660229379738018e-03
4.640000000000000000e+02 -9.514575712514813585e-03
4.670000000000000000e+02 -9.637265691314090069e-03
4.710000000000000000e+02 -9.802056586445725278e-03
4.740000000000000000e+02 -9.926552562020478712e-03
4.770000000000000000e+02 -1.005182203471506434e-02
4.810000000000000000e+02 -1.022005069109932149e-02
4.840000000000000000e+02 -1.034712380667672862e-02
4.880000000000000000e+02 -1.051775620649339146e-02
4.910000000000000000e+02 -1.064663128876046534e-02
4.950000000000000000e+02 -1.081966518147883978e-02
4.980000000000000000e+02 -1.095034053084129044e-02
5.020000000000000000e+02 -1.112577363475378452e-02
5.050000000000000000e+02 -1.125824752825447216e-02
5.090000000000000000e+02 -1.143607753052884764e-02
5.120000000000000000e+02 -1.157034822188510517e-02
5.160000000000000000e+02 -1.175057277861472037e-02
5.200000000000000000e+02 -1.193216458786989891e-02
5.230000000000000000e+02 -1.206925523451660848e-02
5.270000000000000000e+02 -1.225323785229037558e-02
5.310000000000000000e+02 -1.243858556021054662e-02
5.350000000000000000e+02 -1.262529756114245255e-02
5.380000000000000000e+02 -1.276622639635579919e-02
5.420000000000000000e+02 -1.295532397463464332e-02
5.460000000000000000e+02 -1.314578362412866658e-02
5.500000000000000000e+02 -1.333760452613739003e-02
5.540000000000000000e+02 -1.353078585622483065e-02
5.580000000000000000e+02 -1.372532678422353283e-02
5.620000000000000000e+02 -1.392122647424175533e-02
5.660000000000000000e+02 -1.411848408466915075e-02
5.700000000000000000e+02 -1.431709876818320140e-02
5.740000000000000000e+02 -1.451706967175543997e-02
5.780000000000000000e+02 -1.471839593665634667e-02
5.820000000000000000e+02 -1.492107669846424144e-02
5.860000000000000000e+02 -1.512511108706916622e-02
5.900000000000000000e+02 -1.533049822667979789e-02
5.950000000000000000e+02 -1.558913311389849288e-02
5.990000000000000000e+02 -1.579756071178020638e-02
6.030000000000000000e+02 -1.600733817519049001e-02
6.070000000000000000e+02 -1.621846460426560124e-02
6.120000000000000000e+02 -1.648426824354911821e-02
6.160000000000000000e+02 -1.669842652600420432e-02
6.210000000000000000e+02 -1.696801708644807977e-02
6.250000000000000000e+02 -1.718520257394423947e-02
6.290000000000000000e+02 -1.740373197709091727e-02
6.340000000000000000e+02 -1.767878218524929212e-02
6.380000000000000000e+02 -1.790033196617445491e-02
6.430000000000000000e+02 -1.817915465329530272e-02
6.480000000000000000e+02 -1.846007055491075480e-02
6.520000000000000000e+02 -1.868630912806549388e-02
6.570000000000000000e+02 -1.897098807026566247e-02
6.610000000000000000e+02 -1.920023461655008881e-02
6.660000000000000000e+02 -1.948867043046837583e-02
6.710000000000000000e+02 -1.977919070067896135e-02
6.760000000000000000e+02 -2.007179348528955257e-02
6.800000000000000000e+02 -2.030737380977498327e-02
6.850000000000000000e+02 -2.060372018365780669e-02
6.900000000000000000e+02 -2.090214356289151962e-02
6.950000000000000000e+02 -2.120264195440167698e-02
7.000000000000000000e+02 -2.150521335169832890e-02
7.050000000000000000e+02 -2.180985573489845411e-02
7.100000000000000000e+02 -2.211656707075080469e-02
7.150000000000000000e+02 -2.242534531265671233e-02
7.200000000000000000e+02 -2.273618840069393035e-02
7.250000000000000000e+02 -2.304909426164133968e-02
7.310000000000000000e+02 -2.342730121629562484e-02
7.360000000000000000e+02 -2.374473781451045054e-02
7.410000000000000000e+02 -2.406423046222253351e-02
7.460000000000000000e+02 -2.438577703060745491e-02
7.520000000000000000e+02 -2.477434107109343503e-02
7.570000000000000000e+02 -2.510039870659800526e-02
7.620000000000000000e+02 -2.542850336210942391e-02
7.680000000000000000e+02 -2.582492793913677628e-02
7.730000000000000000e+02 -2.615752833256915558e-02
7.790000000000000000e+02 -2.655934138953291654e-02
7.840000000000000000e+02 -2.689642681129881391e-02
7.900000000000000000e+02 -2.730361541352767374e-02
7.950000000000000000e+02 -2.764517501557240201e-02
8.010000000000000000e+02 -2.805772606258873786e-02
8.070000000000000000e+02 -2.847319649872910932e-02
8.130000000000000000e+02 -2.889158235049862217e-02
8.180000000000000000e+02 -2.924246139547967763e-02
8.240000000000000000e+02 -2.966618176749730162e-02
8.300000000000000000e+02 -3.009280615246817323e-02
8.360000000000000000e+02 -3.052233047514266162e-02
8.420000000000000000e+02 -3.095475063388403517e-02
8.480000000000000000e+02 -3.139006250073553966e-02
8.540000000000000000e+02 -3.182826192148734135e-02
8.600000000000000000e+02 -3.226934471574405966e-02
8.660000000000000000e+02 -3.271330667699237638e-02
8.720000000000000000e+02 -3.316014357266795082e-02
8.780000000000000000e+02 -3.360985114422462144e-02
8.850000000000000000e+02 -3.413813247570256920e-02
8.910000000000000000e+02 -3.459404511245221109e-02
8.970000000000000000e+02 -3.505281476906356442e-02
9.040000000000000000e+02 -3.559165116456199790e-02
9.100000000000000000e+02 -3.605659601868519554e-02
9.170000000000000000e+02 -3.660262474029408325e-02
9.230000000000000000e+02 -3.707372403561921131e-02
9.300000000000000000e+02 -3.762692071655542037e-02
9.360000000000000000e+02 -3.810415343814958777e-02
9.430000000000000000e+02 -3.866449341083064151e-02
9.500000000000000000e+02 -3.922866944918499549e-02
9.560000000000000000e+02 -3.971529658463517076e-02
9.630000000000000000e+02 -4.028657738154166335e-02
9.700000000000000000e+02 -4.086167330632767963e-02
9.770000000000000000e+02 -4.144057694188424401e-02
9.840000000000000000e+02 -4.202328082527596181e-02
9.910000000000000000e+02 -4.260977744790657440e-02
9.980000000000000000e+02 -4.320005925568018434e-02
1.005000000000000000e+03 -4.379411864916845504e-02
1.012000000000000000e+03 -4.439194798377404244e-02
1.020000000000000000e+03 -4.507978789720382823e-02
1.027000000000000000e+03 -4.568566972601014603e-02
1.034000000000000000e+03 -4.629529717786991933e-02
1.041000000000000000e+03 -4.690866242284504051e-02
1.049000000000000000e+03 -4.761421806068678875e-02
1.056000000000000000e+03 -4.823556629044140065e-02
1.064000000000000000e+03 -4.895022449101273099e-02
1.071000000000000000e+03 -4.957951911530005668e-02
1.079000000000000000e+03 -5.030323781517033466e-02
1.087000000000000000e+03 -5.103177141308767872e-02
1.094000000000000000e+03 -5.167317846097761735e-02
1.102000000000000000e+03 -5.241070711286439227e-02
1.110000000000000000e+03 -5.315301545505932840e-02
1.118000000000000000e+03 -5.390009110015530486e-02
1.126000000000000000e+03 -5.465192158841386538e-02
1.134000000000000000e+03 -5.540849438811922684e-02
1.142000000000000000e+03 -5.616979689592924846e-02
1.150000000000000000e+03 -5.693581643723247959e-02
1.158000000000000000e+03 -5.770654026650373636e-02
1.167000000000000000e+03 -5.857921170839052588e-02
1.175000000000000000e+03 -5.935988950881809084e-02
1.183000000000000000e+03 -6.014523131434885289e-02
1.192000000000000000e+03 -6.103429955733426227e-02
1.200000000000000000e+03 -6.182950901001505600e-02
1.209000000000000000e+03 -6.272964496780095156e-02
1.217000000000000000e+03 -6.353466254974718397e-02
1.226000000000000000e+03 -6.444579889628311575e-02
1.235000000000000000e+03 -6.536273147177659726e-02
1.243000000000000000e+03 -6.618263311520149184e-02
1.252000000000000000e+03 -6.711046170012799350e-02
1.261000000000000000e+03 -6.804403080795685954e-02
1.270000000000000000e+03 -6.898332094993690766e-02
1.279000000000000000e+03 -6.992831253255035739e-02
1.288000000000000000e+03 -7.087898585820114061e-02
1.297000000000000000e+03 -7.183532112591112240e-02
1.307000000000000000e+03 -7.290453220530031253e-02
1.316000000000000000e+03 -7.387275497512700573e-02
1.325000000000000000e+03 -7.484657743043245104e-02
1.335000000000000000e+03 -7.593514531824957503e-02
1.344000000000000000e+03 -7.692072281339115691e-02
1.354000000000000000e+03 -7.802230140291409322e-02
1.363000000000000000e+03 -7.901954289333057435e-02
1.373000000000000000e+03 -8.013403051032057245e-02
1.383000000000000000e+03 -8.125527116952080409e-02
1.393000000000000000e+03 -8.238323627851265596e-02
1.403000000000000000e+03 -8.351789709984187848e-02
1.413000000000000000e+03 -8.465922475224919863e-02
1.423000000000000000e+03 -8.580719021191732243e-02
1.433000000000000000e+03 -8.696176431370561399e-02
1.443000000000000000e+03 -8.812291775240843617e-02
1.453000000000000000e+03 -8.929062108400351305e-02
1.464000000000000000e+03 -9.058262456536042562e-02
1.474000000000000000e+03 -9.176398622135978345e-02
1.485000000000000000e+03 -9.307094158790515936e-02
1.495000000000000000e+03 -9.426582985938029846e-02
1.506000000000000000e+03 -9.558759155087620529e-02
1.516000000000000000e+03 -9.679587349788271178e-02
1.527000000000000000e+03 -9.813229461365571837e-02
1.538000000000000000e+03 -9.947633540653259832e-02
1.549000000000000000e+03 -1.008279550240639144e-01
1.560000000000000000e+03 -1.021871124302125705e-01
1.571000000000000000e+03 -1.035537664074611397e-01
1.582000000000000000e+03 -1.049278755589072992e-01
1.594000000000000000e+03 -1.064353574627995014e-01
1.605000000000000000e+03 -1.078249201569903282e-01
1.616000000000000000e+03 -1.092218089598725739e-01
1.628000000000000000e+03 -1.107539935659988956e-01
1.639000000000000000e+03 -1.121660643278234171e-01
1.651000000000000000e+03 -1.137147100250741477e-01
1.663000000000000000e+03 -1.152718635088789134e-01
1.675000000000000000e+03 -1.168374692045340835e-01
1.687000000000000000e+03 -1.184114713115743955e-01
1.699000000000000000e+03 -1.199938138071112576e-01
1.711000000000000000e+03 -1.215844404491804032e-01
1.723000000000000000e+03 -1.231832947801013850e-01
1.735000000000000000e+03 -1.247903201298326409e-01
1.748000000000000000e+03 -1.265404190521247640e-01
1.760000000000000000e+03 -1.281642844349517862e-01
1.772000000000000000e+03 -1.297961448031367537e-01
1.785000000000000000e+03 -1.315729489574689048e-01
1.798000000000000000e+03 -1.333589952598472628e-01
1.811000000000000000e+03 -1.351542100793810541e-01
1.823000000000000000e+03 -1.368194052917840187e-01
1.836000000000000000e+03 -1.386320439780255598e-01
1.849000000000000000e+03 -1.404536344883894061e-01
1.863000000000000000e+03 -1.424252729656742822e-01
1.876000000000000000e+03 -1.442652170334627337e-01
1.889000000000000000e+03 -1.461138825800351038e-01
1.903000000000000000e+03 -1.481144203604365106e-01
1.916000000000000000e+03 -1.499809587792380328e-01
1.930000000000000000e+03 -1.520005684858670436e-01
1.944000000000000000e+03 -1.540299284546431668e-01
1.957000000000000000e+03 -1.559229813826644995e-01
1.971000000000000000e+03 -1.579708763084260725e-01
1.985000000000000000e+03 -1.600282418969122544e-01
2.000000000000000000e+03 -1.622429626511551204e-01
