0.000000000000000000e+00 0.000000000000000000e+00
1.000000000000000000e+00 -2.483999383345017887e-08
2.000000000000000000e+00 -7.451997935390526604e-08
3.000000000000000000e+00 -1.490399531566531896e-07
4.000000000000000000e+00 -2.483999092464474802e-07
5.000000000000000000e+00 -3.725998402587524088e-07
6.000000000000000000e+00 -5.216397366825874824e-07
7.000000000000000000e+00 -6.955195871935935700e-07
8.000000000000000000e+00 -8.942393786540340146e-07
9.000000000000000000e+00 -1.117799095779727196e-06
1.000000000000000000e+01 -1.366198721695157674e-06
1.100000000000000000e+01 -1.639438237711432533e-06
1.200000000000000000e+01 -1.937517622771170828e-06
1.300000000000000000e+01 -2.260436854225656836e-06
1.400000000000000000e+01 -2.608195907723821785e-06
1.500000000000000000e+01 -2.980794756657128524e-06
1.600000000000000000e+01 -3.378233372936732511e-06
1.700000000000000000e+01 -3.800511725883254981e-06
1.800000000000000000e+01 -4.247629783892117903e-06
1.900000000000000000e+01 -4.719587512768212408e-06
2.000000000000000000e+01 -5.216384876725099511e-06
2.100000000000000000e+01 -5.738021837829895213e-06
2.200000000000000000e+01 -6.284498356669407701e-06
2.300000000000000000e+01 -6.855814391350934933e-06
2.400000000000000000e+01 -7.451969898945560499e-06
2.500000000000000000e+01 -8.072964833711789159e-06
2.600000000000000000e+01 -8.718799148649863310e-06
2.700000000000000000e+01 -9.389472794502563117e-06
2.800000000000000000e+01 -1.008498572053235923e-05
2.900000000000000000e+01 -1.080533787374426431e-05
3.000000000000000000e+01 -1.155052919932991883e-05
3.100000000000000000e+01 -1.232055964077861001e-05
3.200000000000000000e+01 -1.311542913954420826e-05
3.300000000000000000e+01 -1.393513763504516892e-05
3.400000000000000000e+01 -1.477968506521964375e-05
3.500000000000000000e+01 -1.564907136563730591e-05
3.600000000000000000e+01 -1.654329647038751987e-05
3.700000000000000000e+01 -1.746236031130218706e-05
3.800000000000000000e+01 -1.840626281873292223e-05
3.900000000000000000e+01 -1.937500392088489429e-05
4.000000000000000000e+01 -2.036858354403887428e-05
4.100000000000000000e+01 -2.138700161288432599e-05
4.200000000000000000e+01 -2.243025804985324844e-05
4.300000000000000000e+01 -2.349835277534223401e-05
4.400000000000000000e+01 -2.459128570882268474e-05
4.500000000000000000e+01 -2.570905676673139191e-05
4.600000000000000000e+01 -2.685166586424688614e-05
4.700000000000000000e+01 -2.801911291451231179e-05
4.800000000000000000e+01 -2.921139782896844635e-05
4.900000000000000000e+01 -3.042852051679862969e-05
5.000000000000000000e+01 -3.167048088526182070e-05
5.100000000000000000e+01 -3.293727884046973657e-05
5.200000000000000000e+01 -3.422891428583257434e-05
5.300000000000000000e+01 -3.554538712316920011e-05
5.400000000000000000e+01 -3.688669725248512474e-05
5.500000000000000000e+01 -3.825284457197249707e-05
5.600000000000000000e+01 -3.964382897756603505e-05
5.700000000000000000e+01 -4.105965036349811014e-05
5.800000000000000000e+01 -4.250030862229875407e-05
5.900000000000000000e+01 -4.396580364457362106e-05
6.000000000000000000e+01 -4.545613531867094797e-05
6.100000000000000000e+01 -4.697130353145865622e-05
6.200000000000000000e+01 -4.851130816776926062e-05
6.300000000000000000e+01 -5.007614911051095263e-05
6.400000000000000000e+01 -5.166582624077851430e-05
6.500000000000000000e+01 -5.328033943785341305e-05
6.600000000000000000e+01 -5.491968857864864282e-05
6.700000000000000000e+01 -5.658387353904101194e-05
6.800000000000000000e+01 -5.827289419209477281e-05
6.900000000000000000e+01 -5.998675040972696316e-05
7.000000000000000000e+01 -6.172544206170821216e-05
7.100000000000000000e+01 -6.348896901577378974e-05
7.200000000000000000e+01 -6.527733113773453414e-05
7.300000000000000000e+01 -6.709052829192105620e-05
7.400000000000000000e+01 -6.892856034040652235e-05
7.500000000000000000e+01 -7.079142714333974858e-05
7.600000000000000000e+01 -7.267912855938924897e-05
7.700000000000000000e+01 -7.459166444496614738e-05
7.800000000000000000e+01 -7.652903465477922120e-05
7.900000000000000000e+01 -7.849123904139085274e-05
8.000000000000000000e+01 -8.047827745577216792e-05
8.100000000000000000e+01 -8.249014974685882503e-05
8.200000000000000000e+01 -8.452685576199529371e-05
8.300000000000000000e+01 -8.658839534593550514e-05
8.400000000000000000e+01 -8.867476834217518744e-05
8.500000000000000000e+01 -9.078597459239671347e-05
8.600000000000000000e+01 -9.292201393580300770e-05
8.700000000000000000e+01 -9.508288621022776925e-05
8.800000000000000000e+01 -9.726859125135831573e-05
8.900000000000000000e+01 -9.947912889295754655e-05
9.000000000000000000e+01 -1.017144989671971725e-04
9.100000000000000000e+01 -1.039747013041024686e-04
9.200000000000000000e+01 -1.062597357318853546e-04
9.300000000000000000e+01 -1.085696020768335085e-04
9.400000000000000000e+01 -1.109043001636432295e-04
9.500000000000000000e+01 -1.132638298145314094e-04
9.600000000000000000e+01 -1.156481908502346922e-04
9.700000000000000000e+01 -1.180573830896764208e-04
9.800000000000000000e+01 -1.204914063495225209e-04
9.900000000000000000e+01 -1.229502604450696790e-04
1.000000000000000000e+02 -1.254339451892461696e-04
1.010000000000000000e+02 -1.279424603932780014e-04
1.020000000000000000e+02 -1.304758058666888505e-04
1.030000000000000000e+02 -1.330339814166340618e-04
1.040000000000000000e+02 -1.356169868490106822e-04
1.050000000000000000e+02 -1.382248219672363508e-04
1.060000000000000000e+02 -1.408574865730265093e-04
1.070000000000000000e+02 -1.435149804667272793e-04
1.080000000000000000e+02 -1.461973034460943522e-04
1.090000000000000000e+02 -1.489044553071811950e-04
1.100000000000000000e+02 -1.516364358445610133e-04
1.110000000000000000e+02 -1.543932448501055335e-04
1.120000000000000000e+02 -1.571748821146503369e-04
1.130000000000000000e+02 -1.599813474265515971e-04
1.140000000000000000e+02 -1.628126405730183205e-04
1.150000000000000000e+02 -1.656687613383360166e-04
1.160000000000000000e+02 -1.685497095054209831e-04
1.170000000000000000e+02 -1.714554848555983153e-04
1.180000000000000000e+02 -1.743860871680466594e-04
1.190000000000000000e+02 -1.773415162197984022e-04
1.200000000000000000e+02 -1.803217717864057503e-04
1.210000000000000000e+02 -1.833268536413854293e-04
1.220000000000000000e+02 -1.863567615561079866e-04
1.230000000000000000e+02 -1.894114953006857259e-04
1.240000000000000000e+02 -1.924910546426405209e-04
1.250000000000000000e+02 -1.955954393480140651e-04
1.260000000000000000e+02 -1.987246491809237291e-04
1.270000000000000000e+02 -2.018786839034516188e-04
1.280000000000000000e+02 -2.050575432760885026e-04
1.290000000000000000e+02 -2.082612270570680026e-04
1.300000000000000000e+02 -2.114897350029212994e-04
1.310000000000000000e+02 -2.147430668684774033e-04
1.320000000000000000e+02 -2.180212224060859984e-04
1.330000000000000000e+02 -2.213242013669495200e-04
1.340000000000000000e+02 -2.246520035001241711e-04
1.350000000000000000e+02 -2.280046285522978236e-04
1.360000000000000000e+02 -2.313820762690110464e-04
1.370000000000000000e+02 -2.347843463935472624e-04
1.380000000000000000e+02 -2.382114386671545215e-04
1.390000000000000000e+02 -2.416633528296007480e-04
1.400000000000000000e+02 -2.451400886185074713e-04
1.410000000000000000e+02 -2.486416457695719514e-04
1.420000000000000000e+02 -2.521680240166782831e-04
1.430000000000000000e+02 -2.557192230918973411e-04
1.440000000000000000e+02 -2.592952427252645737e-04
1.450000000000000000e+02 -2.628960826451133938e-04
1.460000000000000000e+02 -2.665217425777418421e-04
1.470000000000000000e+02 -2.701722222476346308e-04
1.480000000000000000e+02 -2.738475213773524470e-04
1.490000000000000000e+02 -2.775476396877536722e-04
1.500000000000000000e+02 -2.812725768973281938e-04
1.510000000000000000e+02 -2.850223327231970398e-04
1.520000000000000000e+02 -2.887969068803347347e-04
1.530000000000000000e+02 -2.925962990819027461e-04
1.540000000000000000e+02 -2.964205090393601813e-04
1.550000000000000000e+02 -3.002695364616869570e-04
1.570000000000000000e+02 -3.080420425300222720e-04
1.580000000000000000e+02 -3.119655205852573960e-04
1.590000000000000000e+02 -3.159138149241484217e-04
1.600000000000000000e+02 -3.198869252468309948e-04
1.610000000000000000e+02 -3.238848512512947997e-04
1.620000000000000000e+02 -3.279075926337163011e-04
1.630000000000000000e+02 -3.319551490885695494e-04
1.650000000000000000e+02 -3.401247059826261170e-04
1.660000000000000000e+02 -3.442467058012676747e-04
1.670000000000000000e+02 -3.483935194503296568e-04
1.680000000000000000e+02 -3.525651466151092641e-04
1.690000000000000000e+02 -3.567615869783133755e-04
1.700000000000000000e+02 -3.609828402211687714e-04
1.720000000000000000e+02 -3.694997840607864778e-04
1.730000000000000000e+02 -3.737954740102703336e-04
1.740000000000000000e+02 -3.781159755448486727e-04
1.750000000000000000e+02 -3.824612883364602407e-04
1.770000000000000000e+02 -3.912263463676964579e-04
1.780000000000000000e+02 -3.956460909411338412e-04
1.790000000000000000e+02 -4.000906454394519661e-04
1.800000000000000000e+02 -4.045600095247467573e-04
1.820000000000000000e+02 -4.135731650963614739e-04
1.830000000000000000e+02 -4.181169558976962361e-04
1.840000000000000000e+02 -4.226855549161488484e-04
1.860000000000000000e+02 -4.318971762142707026e-04
1.870000000000000000e+02 -4.365401977941168240e-04
1.880000000000000000e+02 -4.412080261914342293e-04
1.900000000000000000e+02 -4.506181020170050471e-04
1.910000000000000000e+02 -4.553603487303749036e-04
1.920000000000000000e+02 -4.601274008311164614e-04
1.940000000000000000e+02 -4.697359197435599463e-04
1.950000000000000000e+02 -4.745773858250962709e-04
1.960000000000000000e+02 -4.794436558337841683e-04
1.980000000000000000e+02 -4.892506061512292464e-04
1.990000000000000000e+02 -4.941912857148719534e-04
2.010000000000000000e+02 -5.041470517751689331e-04
2.020000000000000000e+02 -5.091621375151639305e-04
2.040000000000000000e+02 -5.192667125097118197e-04
2.050000000000000000e+02 -5.243562009966156378e-04
2.070000000000000000e+02 -5.346095780157976776e-04
2.080000000000000000e+02 -5.397734657688821325e-04
2.090000000000000000e+02 -5.449621524953671007e-04
2.110000000000000000e+02 -5.554139212893186408e-04
2.120000000000000000e+02 -5.606770025626430084e-04
2.140000000000000000e+02 -5.712775568624253383e-04
2.160000000000000000e+02 -5.819772974787777373e-04
2.170000000000000000e+02 -5.873643616405158693e-04
2.190000000000000000e+02 -5.982128756246718210e-04
2.200000000000000000e+02 -6.036743246230502364e-04
2.220000000000000000e+02 -6.146716045571020900e-04
2.230000000000000000e+02 -6.202074346571917560e-04
2.250000000000000000e+02 -6.313534730211082559e-04
2.270000000000000000e+02 -6.425986794437437560e-04
2.280000000000000000e+02 -6.482584696102115839e-04
2.300000000000000000e+02 -6.596524217036216133e-04
2.310000000000000000e+02 -6.653865827649724706e-04
2.330000000000000000e+02 -6.769292727383910586e-04
2.350000000000000000e+02 -6.885711169200694559e-04
2.360000000000000000e+02 -6.944292207345301431e-04
2.380000000000000000e+02 -7.062197895855727150e-04
2.400000000000000000e+02 -7.181095037436130988e-04
2.410000000000000000e+02 -7.240915391849114032e-04
2.430000000000000000e+02 -7.361299645195087211e-04
2.450000000000000000e+02 -7.482675260719935271e-04
2.470000000000000000e+02 -7.605042201537823114e-04
2.480000000000000000e+02 -7.666597407324267236e-04
2.500000000000000000e+02 -7.790451266268757797e-04
2.520000000000000000e+02 -7.915296356982665050e-04
2.540000000000000000e+02 -8.041132641528267455e-04
2.560000000000000000e+02 -8.167960081667780762e-04
2.570000000000000000e+02 -8.231745473054132055e-04
2.590000000000000000e+02 -8.360059574229714323e-04
2.610000000000000000e+02 -8.489364734090177212e-04
2.630000000000000000e+02 -8.619660913345863042e-04
2.650000000000000000e+02 -8.750948072400396589e-04
2.670000000000000000e+02 -8.883226171367341684e-04
2.690000000000000000e+02 -9.016495170050211781e-04
2.710000000000000000e+02 -9.150755027958019580e-04
2.720000000000000000e+02 -9.218256516384502625e-04
2.740000000000000000e+02 -9.354002586544914568e-04
2.760000000000000000e+02 -9.490739413379388435e-04
2.780000000000000000e+02 -9.628466955343986883e-04
2.800000000000000000e+02 -9.767185170589170670e-04
2.820000000000000000e+02 -9.906894016970912813e-04
2.840000000000000000e+02 -1.004759345204290968e-03
2.860000000000000000e+02 -1.018928343305327416e-03
2.880000000000000000e+02 -1.033196391695672756e-03
2.900000000000000000e+02 -1.047563486040129638e-03
2.920000000000000000e+02 -1.062029621974051614e-03
2.950000000000000000e+02 -1.083914519232439871e-03
2.970000000000000000e+02 -1.098628239845845806e-03
2.990000000000000000e+02 -1.113440986534550278e-03
3.010000000000000000e+02 -1.128352754798613152e-03
3.030000000000000000e+02 -1.143363540107646429e-03
3.050000000000000000e+02 -1.158473337901592048e-03
3.070000000000000000e+02 -1.173682143590166777e-03
3.100000000000000000e+02 -1.196680981810618579e-03
3.120000000000000000e+02 -1.212137286956641675e-03
3.140000000000000000e+02 -1.227692583694906707e-03
3.160000000000000000e+02 -1.243346867300285617e-03
3.180000000000000000e+02 -1.259100133017314587e-03
3.210000000000000000e+02 -1.282915612576133188e-03
3.230000000000000000e+02 -1.298916312570792169e-03
3.250000000000000000e+02 -1.315015977796864851e-03
3.280000000000000000e+02 -1.339351024739497470e-03
3.300000000000000000e+02 -1.355698081583464826e-03
3.320000000000000000e+02 -1.372144086411450315e-03
3.350000000000000000e+02 -1.396998610187573202e-03
3.370000000000000000e+02 -1.413691963054884010e-03
3.400000000000000000e+02 -1.438917485204579700e-03
3.420000000000000000e+02 -1.455858154421264166e-03
3.440000000000000000e+02 -1.472897741199538516e-03
3.470000000000000000e+02 -1.498642580465894434e-03
3.490000000000000000e+02 -1.515929438440547384e-03
3.520000000000000000e+02 -1.542045159973033435e-03
3.540000000000000000e+02 -1.559579256330048506e-03
3.570000000000000000e+02 -1.586065810556021608e-03
3.590000000000000000e+02 -1.603847112012819634e-03
3.620000000000000000e+02 -1.630704448657407414e-03
3.640000000000000000e+02 -1.648732921463517661e-03
3.670000000000000000e+02 -1.675960989549739235e-03
3.700000000000000000e+02 -1.703411471739898174e-03
3.720000000000000000e+02 -1.721835347335136900e-03
3.750000000000000000e+02 -1.749656477943857492e-03
3.780000000000000000e+02 -1.777699972303638633e-03
3.800000000000000000e+02 -1.796519161171523070e-03
3.830000000000000000e+02 -1.824933219129915973e-03
3.860000000000000000e+02 -1.853569589408576423e-03
3.890000000000000000e+02 -1.882428252443355942e-03
3.910000000000000000e+02 -1.901790847379032168e-03
3.940000000000000000e+02 -1.931019954453208056e-03
3.970000000000000000e+02 -1.960471301371809107e-03
4.000000000000000000e+02 -1.990144868015440455e-03
4.030000000000000000e+02 -2.020040634113138590e-03
4.050000000000000000e+02 -2.040094578907061720e-03
4.080000000000000000e+02 -2.070360631970632331e-03
4.110000000000000000e+02 -2.100848829692616472e-03
4.140000000000000000e+02 -2.131559151247495315e-03
4.170000000000000000e+02 -2.162491575657961729e-03
4.200000000000000000e+02 -2.193646081795926420e-03
4.230000000000000000e+02 -2.225022648381961947e-03
4.260000000000000000e+02 -2.256621253985526074e-03
4.290000000000000000e+02 -2.288441877024520281e-03
4.320000000000000000e+02 -2.320484495765955894e-03
4.350000000000000000e+02 -2.352749088326289324e-03
4.380000000000000000e+02 -2.385235632669536858e-03
4.410000000000000000e+02 -2.417944106610050211e-03
4.450000000000000000e+02 -2.461900590385593651e-03
4.480000000000000000e+02 -2.495126812924291539e-03
4.510000000000000000e+02 -2.528574890015229497e-03
4.540000000000000000e+02 -2.562244798817645258e-03
4.570000000000000000e+02 -2.596136516340232479e-03
4.610000000000000000e+02 -2.641670468802671205e-03
4.640000000000000000e+02 -2.676079649746349216e-03
4.670000000000000000e+02 -2.710710561681997643e-03
4.710000000000000000e+02 -2.757229984916113007e-03
4.740000000000000000e+02 -2.792378176952042303e-03
4.770000000000000000e+02 -2.827748020576524145e-03
4.810000000000000000e+02 -2.875252561676418933e-03
4.840000000000000000e+02 -2.911139498171781692e-03
4.880000000000000000e+02 -2.959333407813514484e-03
4.910000000000000000e+02 -2.995737303794656151e-03
4.950000000000000000e+02 -3.044620402855731899e-03
4.980000000000000000e+02 -3.081541123024305728e-03
5.020000000000000000e+02 -3.131113229831495454e-03
5.050000000000000000e+02 -3.168550636977067892e-03
5.090000000000000000e+02 -3.218811567308577093e-03
5.120000000000000000e+02 -3.256765522308567931e-03
5.160000000000000000e+02 -3.307715089393992343e-03
5.200000000000000000e+02 -3.359058078359727396e-03
5.230000000000000000e+02 -3.397823465737669687e-03
5.270000000000000000e+02 -3.449854792815362000e-03
5.310000000000000000e+02 -3.502279369325316059e-03
5.350000000000000000e+02 -3.555097131668328268e-03
5.380000000000000000e+02 -3.594968443102219881e-03
5.420000000000000000e+02 -3.648474126191344775e-03
5.460000000000000000e+02 -3.702372817770467443e-03
5.500000000000000000e+02 -3.756664452462035991e-03
5.540000000000000000e+02 -3.811348964414030399e-03
5.580000000000000000e+02 -3.866426287300750962e-03
5.620000000000000000e+02 -3.921896354323153519e-03
5.660000000000000000e+02 -3.977759098207419609e-03
5.700000000000000000e+02 -4.034014451207292712e-03
5.740000000000000000e+02 -4.090662345102644495e-03
5.780000000000000000e+02 -4.147702711199812223e-03
5.820000000000000000e+02 -4.205135480332943161e-03
5.860000000000000000e+02 -4.262960582862003120e-03
5.900000000000000000e+02 -4.321177948675225013e-03
5.950000000000000000e+02 -4.394501168607949960e-03
5.990000000000000000e+02 -4.453600868014204184e-03
6.030000000000000000e+02 -4.513092599575996289e-03
6.070000000000000000e+02 -4.572976291173490131e-03
6.120000000000000000e+02 -4.648381988835852650e-03
6.160000000000000000e+02 -4.709147324379586025e-03
6.210000000000000000e+02 -4.785654844738158192e-03
6.250000000000000000e+02 -4.847301451356525979e-03
6.290000000000000000e+02 -4.909339612916067269e-03
6.340000000000000000e+02 -4.987437824416129060e-03
6.380000000000000000e+02 -5.050356708978103425e-03
6.430000000000000000e+02 -5.129555583793329702e-03
6.480000000000000000e+02 -5.209365728725728721e-03
6.520000000000000000e+02 -5.273653857655783740e-03
6.570000000000000000e+02 -5.354563907256255050e-03
6.610000000000000000e+02 -5.419731762111488181e-03
6.660000000000000000e+02 -5.501741220122327580e-03
6.710000000000000000e+02 -5.584361243687756098e-03
6.760000000000000000e+02 -5.667591676430863180e-03
6.800000000000000000e+02 -5.734615411415923229e-03
6.850000000000000000e+02 -5.818944182949667941e-03
6.900000000000000000e+02 -5.903882919709192538e-03
6.950000000000000000e+02 -5.989431460965465373e-03
7.000000000000000000e+02 -6.075589644844928486e-03
7.050000000000000000e+02 -6.162357308331180283e-03
7.100000000000000000e+02 -6.249734287263794194e-03
7.150000000000000000e+02 -6.337720416340902538e-03
7.200000000000000000e+02 -6.426315529118436717e-03
7.250000000000000000e+02 -6.515519458011393567e-03
7.310000000000000000e+02 -6.623367572307559646e-03
7.360000000000000000e+02 -6.713910301131791394e-03
7.410000000000000000e+02 -6.805061302133715885e-03
7.460000000000000000e+02 -6.896820402940546067e-03
7.520000000000000000e+02 -7.007733771266559664e-03
7.570000000000000000e+02 -7.100830079280213286e-03
7.620000000000000000e+02 -7.194533927856446541e-03
7.680000000000000000e+02 -7.307780250181506419e-03
7.730000000000000000e+02 -7.402820062822727115e-03
7.790000000000000000e+02 -7.517669022080609303e-03
7.840000000000000000e+02 -7.614043929281816454e-03
7.900000000000000000e+02 -7.730494474815931445e-03
7.950000000000000000e+02 -7.828203594991060485e-03
8.010000000000000000e+02 -7.946254661656184520e-03
8.070000000000000000e+02 -8.065178285725577850e-03
8.130000000000000000e+02 -8.184974143643629352e-03
8.180000000000000000e+02 -8.285470079937420906e-03
8.240000000000000000e+02 -8.406864185119138771e-03
8.300000000000000000e+02 -8.529129594680303142e-03
8.360000000000000000e+02 -8.652265976084962118e-03
8.420000000000000000e+02 -8.776272994457438165e-03
8.480000000000000000e+02 -8.901150312584857338e-03
8.540000000000000000e+02 -9.026897590918339306e-03
8.600000000000000000e+02 -9.153514487574425026e-03
8.660000000000000000e+02 -9.281000658336605036e-03
8.720000000000000000e+02 -9.409355756657286629e-03
8.780000000000000000e+02 -9.538579433658676832e-03
8.850000000000000000e+02 -9.690437708430494484e-03
8.910000000000000000e+02 -9.821542097973794821e-03
8.970000000000000000e+02 -9.953513946068647672e-03
9.040000000000000000e+02 -1.010857699490811702e-02
9.100000000000000000e+02 -1.024242710334883656e-02
9.170000000000000000e+02 -1.039968046360130113e-02
9.230000000000000000e+02 -1.053540712551665967e-02
9.300000000000000000e+02 -1.069484879208084348e-02
9.360000000000000000e+02 -1.083245027703521463e-02
9.430000000000000000e+02 -1.099407821734125004e-02
9.500000000000000000e+02 -1.115688253046270319e-02
9.560000000000000000e+02 -1.129736492542503593e-02
9.630000000000000000e+02 -1.146235233172028696e-02
9.700000000000000000e+02 -1.162851438077307925e-02
9.770000000000000000e+02 -1.179585045883280690e-02
9.840000000000000000e+02 -1.196435994788657038e-02
9.910000000000000000e+02 -1.213404222566352199e-02
9.980000000000000000e+02 -1.230489666563970921e-02
1.005000000000000000e+03 -1.247692263704065080e-02
1.012000000000000000e+03 -1.265011950484609508e-02
1.020000000000000000e+03 -1.284949171279825379e-02
1.027000000000000000e+03 -1.302519548627373638e-02
1.034000000000000000e+03 -1.320206813277797347e-02
1.041000000000000000e+03 -1.338010899974324645e-02
1.049000000000000000e+03 -1.358501390758129652e-02
1.056000000000000000e+03 -1.376555588704013802e-02
1.064000000000000000e+03 -1.397331746786728730e-02
1.071000000000000000e+03 -1.415635750242651321e-02
1.079000000000000000e+03 -1.436697223839653904e-02
1.087000000000000000e+03 -1.457910720236843365e-02
1.094000000000000000e+03 -1.476597155521656470e-02
1.102000000000000000e+03 -1.498095418848810825e-02
1.110000000000000000e+03 -1.519745409440085605e-02
1.118000000000000000e+03 -1.541547023116318985e-02
1.126000000000000000e+03 -1.563500154985396698e-02
1.134000000000000000e+03 -1.585604699443063370e-02
1.142000000000000000e+03 -1.607860550173883032e-02
1.150000000000000000e+03 -1.630267600151992860e-02
1.158000000000000000e+03 -1.652825741642108964e-02
1.167000000000000000e+03 -1.678384117338455050e-02
1.175000000000000000e+03 -1.701262967342574012e-02
1.183000000000000000e+03 -1.724292567622635192e-02
1.192000000000000000e+03 -1.750380923823903825e-02
1.200000000000000000e+03 -1.773730500161203524e-02
1.209000000000000000e+03 -1.800178545494014043e-02
1.217000000000000000e+03 -1.823847591464559936e-02
1.226000000000000000e+03 -1.850654752407658241e-02
1.235000000000000000e+03 -1.877651798607185563e-02
1.243000000000000000e+03 -1.901808450306136447e-02
1.252000000000000000e+03 -1.929163720325423326e-02
1.261000000000000000e+03 -1.956708398802595866e-02
1.270000000000000000e+03 -1.984442318519250015e-02
1.279000000000000000e+03 -2.012365311142391353e-02
1.288000000000000000e+03 -2.040477207226155595e-02
1.297000000000000000e+03 -2.068777836213504806e-02
1.307000000000000000e+03 -2.100444124106842433e-02
1.316000000000000000e+03 -2.129142624133122802e-02
1.325000000000000000e+03 -2.158029319354722031e-02
1.335000000000000000e+03 -2.190346157123375728e-02
1.344000000000000000e+03 -2.219629576931734030e-02
1.354000000000000000e+03 -2.252386781891493536e-02
1.363000000000000000e+03 -2.282066135517080846e-02
1.373000000000000000e+03 -2.315262823295096556e-02
1.383000000000000000e+03 -2.348690458726091293e-02
1.393000000000000000e+03 -2.382348791994271311e-02
1.403000000000000000e+03 -2.416237571622270250e-02
1.413000000000000000e+03 -2.450356544474283430e-02
1.423000000000000000e+03 -2.484705455759312134e-02
1.433000000000000000e+03 -2.519284049034387421e-02
1.443000000000000000e+03 -2.554092066207816827e-02
1.453000000000000000e+03 -2.589129247542334630e-02
1.464000000000000000e+03 -2.627934519611247952e-02
1.474000000000000000e+03 -2.663452092938476193e-02
1.485000000000000000e+03 -2.702785155934765357e-02
1.495000000000000000e+03 -2.738781953415175829e-02
1.506000000000000000e+03 -2.778641514404025722e-02
1.516000000000000000e+03 -2.815116353102739902e-02
1.527000000000000000e+03 -2.855501102580500911e-02
1.538000000000000000e+03 -2.896160422635434342e-02
1.549000000000000000e+03 -2.937093947080533091e-02
1.560000000000000000e+03 -2.978301307371645362e-02
1.571000000000000000e+03 -3.019782132613071934e-02
1.582000000000000000e+03 -3.061536049563169659e-02
1.594000000000000000e+03 -3.107396795718255292e-02
1.605000000000000000e+03 -3.149720506204933129e-02
1.616000000000000000e+03 -3.192316139974332723e-02
1.628000000000000000e+03 -3.239093781618213042e-02
1.639000000000000000e+03 -3.282256742616477402e-02
1.651000000000000000e+03 -3.329652365193330049e-02
1.663000000000000000e+03 -3.377369675620364720e-02
1.675000000000000000e+03 -3.425408164285486529e-02
1.687000000000000000e+03 -3.473767318331470039e-02
1.699000000000000000e+03 -3.522446621665227540e-02
1.711000000000000000e+03 -3.571445554967082187e-02
1.723000000000000000e+03 -3.620763595700479676e-02
1.735000000000000000e+03 -3.670400218120922070e-02
1.748000000000000000e+03 -3.724532122772961779e-02
1.760000000000000000e+03 -3.774830754482953743e-02
1.772000000000000000e+03 -3.825446326743749820e-02
1.785000000000000000e+03 -3.880636897046540329e-02
1.798000000000000000e+03 -3.936198110824970509e-02
1.811000000000000000e+03 -3.992129274595165173e-02
1.823000000000000000e+03 -4.044085795731675037e-02
1.836000000000000000e+03 -4.100726436781045037e-02
1.849000000000000000e+03 -4.157734975990447224e-02
1.863000000000000000e+03 -4.219539408968167593e-02
1.876000000000000000e+03 -4.277309769698935810e-02
1.889000000000000000e+03 -4.335445829282549846e-02
1.903000000000000000e+03 -4.398462040400568512e-02
1.916000000000000000e+03 -4.457355312006158060e-02
1.930000000000000000e+03 -4.521185286623242289e-02
1.944000000000000000e+03 -4.585435868266094644e-02
1.957000000000000000e+03 -4.645472928741983115e-02
1.971000000000000000e+03 -4.710532062638531775e-02
1.985000000000000000e+03 -4.776009077456047636e-02
2.000000000000000000e+03 -4.846625671725360296e-02
