0.000000000000000000e+00 0.000000000000000000e+00
1.000000000000000000e+00 -2.539502771194858224e-06
2.000000000000000000e+00 -7.618488579341545028e-06
3.000000000000000000e+00 -1.523691795630195040e-05
4.000000000000000000e+00 -2.539473170096084235e-05
5.000000000000000000e+00 -3.809185087904847877e-05
6.000000000000000000e+00 -5.332817682519854847e-05
7.000000000000000000e+00 -7.110359114368872786e-05
8.000000000000000000e+00 -9.141795570986226485e-05
9.000000000000000000e+00 -1.142711126725635441e-04
1.000000000000000000e+01 -1.396628844555895018e-04
1.100000000000000000e+01 -1.675930737605990889e-04
1.200000000000000000e+01 -1.980614635691493213e-04
1.300000000000000000e+01 -2.310678171459675109e-04
1.400000000000000000e+01 -2.666118780420164672e-04
1.500000000000000000e+01 -3.046933700975743638e-04
1.600000000000000000e+01 -3.453119974464393554e-04
1.700000000000000000e+01 -3.884674445193725704e-04
1.800000000000000000e+01 -4.341593760482215215e-04
1.900000000000000000e+01 -4.823874370708355528e-04
2.000000000000000000e+01 -5.331512529353300616e-04
2.100000000000000000e+01 -5.864504293049203594e-04
2.200000000000000000e+01 -6.422845521637700209e-04
2.300000000000000000e+01 -7.006531878217433758e-04
2.400000000000000000e+01 -7.615558829205048511e-04
2.500000000000000000e+01 -8.249921644393000452e-04
2.600000000000000000e+01 -8.909615397016403763e-04
2.700000000000000000e+01 -9.594634963811137559e-04
2.800000000000000000e+01 -1.030497502508541299e-03
2.900000000000000000e+01 -1.104063006479261751e-03
3.000000000000000000e+01 -1.180159437059984193e-03
3.100000000000000000e+01 -1.258786203396212435e-03
3.200000000000000000e+01 -1.339942695020682282e-03
3.300000000000000000e+01 -1.423628281860481485e-03
3.400000000000000000e+01 -1.509842314246513965e-03
3.500000000000000000e+01 -1.598584122920873466e-03
3.600000000000000000e+01 -1.689853019046446553e-03
3.700000000000000000e+01 -1.783648294216091685e-03
3.800000000000000000e+01 -1.879969220461161477e-03
3.900000000000000000e+01 -1.978815050262041578e-03
4.000000000000000000e+01 -2.080185016557258623e-03
4.100000000000000000e+01 -2.184078332754048595e-03
4.200000000000000000e+01 -2.290494192738490656e-03
4.300000000000000000e+01 -2.399431770886658807e-03
4.400000000000000000e+01 -2.510890222074344588e-03
4.500000000000000000e+01 -2.624868681689677182e-03
4.600000000000000000e+01 -2.741366265643318395e-03
4.700000000000000000e+01 -2.860382070380447419e-03
4.800000000000000000e+01 -2.981915172893093852e-03
4.900000000000000000e+01 -3.105964630732148488e-03
5.000000000000000000e+01 -3.232529482018949105e-03
5.100000000000000000e+01 -3.361608745459317409e-03
5.200000000000000000e+01 -3.493201420354842112e-03
5.300000000000000000e+01 -3.627306486618385190e-03
5.400000000000000000e+01 -3.763922904785059649e-03
5.500000000000000000e+01 -3.903049616026988116e-03
5.600000000000000000e+01 -4.044685542167749184e-03
5.700000000000000000e+01 -4.188829585695724375e-03
5.800000000000000000e+01 -4.335480629778789945e-03
5.900000000000000000e+01 -4.484637538279577680e-03
6.000000000000000000e+01 -4.636299155769201333e-03
6.100000000000000000e+01 -4.790464307543986291e-03
6.200000000000000000e+01 -4.947131799639329156e-03
6.300000000000000000e+01 -5.106300418847018081e-03
6.400000000000000000e+01 -5.267968932729670886e-03
6.500000000000000000e+01 -5.432136089638084017e-03
6.600000000000000000e+01 -5.598800618727137364e-03
6.700000000000000000e+01 -5.767961229972510054e-03
6.800000000000000000e+01 -5.939616614188275752e-03
6.900000000000000000e+01 -6.113765443042642675e-03
7.000000000000000000e+01 -6.290406369077138765e-03
7.100000000000000000e+01 -6.469538025723367385e-03
7.200000000000000000e+01 -6.651159027320893181e-03
7.300000000000000000e+01 -6.835267969136023074e-03
7.400000000000000000e+01 -7.021863427379385070e-03
7.500000000000000000e+01 -7.210943959225845495e-03
7.600000000000000000e+01 -7.402508102832110366e-03
7.700000000000000000e+01 -7.596554377357232421e-03
7.800000000000000000e+01 -7.793081282980790156e-03
7.900000000000000000e+01 -7.992087300923194498e-03
8.000000000000000000e+01 -8.193570893466454313e-03
8.100000000000000000e+01 -8.397530503972400542e-03
8.200000000000000000e+01 -8.603964556904909744e-03
8.300000000000000000e+01 -8.812871457849496062e-03
8.400000000000000000e+01 -9.024249593534785369e-03
8.500000000000000000e+01 -9.238097331853123775e-03
8.600000000000000000e+01 -9.454413021883309454e-03
8.700000000000000000e+01 -9.673194993909657244e-03
8.800000000000000000e+01 -9.894441559446985612e-03
8.900000000000000000e+01 -1.011815101126060067e-02
9.000000000000000000e+01 -1.034432162338918583e-02
9.100000000000000000e+01 -1.057295165116748682e-02
9.200000000000000000e+01 -1.080403933124966451e-02
9.300000000000000000e+01 -1.103758288163077597e-02
9.400000000000000000e+01 -1.127358050167327590e-02
9.500000000000000000e+01 -1.151203037212629628e-02
9.600000000000000000e+01 -1.175293065515316954e-02
9.700000000000000000e+01 -1.199627949435351157e-02
9.800000000000000000e+01 -1.224207501478797797e-02
9.900000000000000000e+01 -1.249031532300317292e-02
1.000000000000000000e+02 -1.274099850705519635e-02
1.010000000000000000e+02 -1.299412263653655815e-02
1.020000000000000000e+02 -1.324968576259956399e-02
1.030000000000000000e+02 -1.350768591798333536e-02
1.040000000000000000e+02 -1.376812111703766030e-02
1.050000000000000000e+02 -1.403098935575117050e-02
1.060000000000000000e+02 -1.429628861177575580e-02
1.070000000000000000e+02 -1.456401684445343334e-02
1.080000000000000000e+02 -1.483417199484333981e-02
1.090000000000000000e+02 -1.510675198574851739e-02
1.100000000000000000e+02 -1.538175472174313670e-02
1.110000000000000000e+02 -1.565917808919899123e-02
1.120000000000000000e+02 -1.593901995631406138e-02
1.130000000000000000e+02 -1.622127817313970266e-02
1.140000000000000000e+02 -1.650595057160913343e-02
1.150000000000000000e+02 -1.679303496556582703e-02
1.160000000000000000e+02 -1.708252915079051457e-02
1.170000000000000000e+02 -1.737443090503235782e-02
1.180000000000000000e+02 -1.766873798803573689e-02
1.190000000000000000e+02 -1.796544814157035111e-02
1.200000000000000000e+02 -1.826455908946090709e-02
1.210000000000000000e+02 -1.856606853761592207e-02
1.220000000000000000e+02 -1.886997417405830366e-02
1.230000000000000000e+02 -1.917627366895539517e-02
1.240000000000000000e+02 -1.948496467464838275e-02
1.250000000000000000e+02 -1.979604482568377358e-02
1.260000000000000000e+02 -2.010951173884450993e-02
1.270000000000000000e+02 -2.042536301317944558e-02
1.280000000000000000e+02 -2.074359623003495245e-02
1.290000000000000000e+02 -2.106420895308829672e-02
1.300000000000000000e+02 -2.138719872837658437e-02
1.310000000000000000e+02 -2.171256308433050855e-02
1.320000000000000000e+02 -2.204029953180518600e-02
1.330000000000000000e+02 -2.237040556411305434e-02
1.340000000000000000e+02 -2.270287865705660976e-02
1.350000000000000000e+02 -2.303771626896054456e-02
1.360000000000000000e+02 -2.337491584070593847e-02
1.370000000000000000e+02 -2.371447479576086967e-02
1.380000000000000000e+02 -2.405639054021685430e-02
1.390000000000000000e+02 -2.440066046282068565e-02
1.400000000000000000e+02 -2.474728193500857695e-02
1.410000000000000000e+02 -2.509625231094042910e-02
1.420000000000000000e+02 -2.544756892753346003e-02
1.430000000000000000e+02 -2.580122910449716978e-02
1.440000000000000000e+02 -2.615723014436841312e-02
1.450000000000000000e+02 -2.651556933254604898e-02
1.460000000000000000e+02 -2.687624393732479869e-02
1.470000000000000000e+02 -2.723925120993273344e-02
1.480000000000000000e+02 -2.760458838456488623e-02
1.490000000000000000e+02 -2.797225267841963597e-02
1.500000000000000000e+02 -2.834224129173538997e-02
1.510000000000000000e+02 -2.871455140782583695e-02
1.520000000000000000e+02 -2.908918019311641789e-02
1.530000000000000000e+02 -2.946612479718128605e-02
1.540000000000000000e+02 -2.984538235277976737e-02
1.550000000000000000e+02 -3.022694997589314009e-02
1.570000000000000000e+02 -3.099700380492422316e-02
1.580000000000000000e+02 -3.138548415925134644e-02
1.590000000000000000e+02 -3.177626287798844540e-02
1.600000000000000000e+02 -3.216933699378843325e-02
1.610000000000000000e+02 -3.256470352275435409e-02
1.620000000000000000e+02 -3.296235946447560738e-02
1.630000000000000000e+02 -3.336230180206588292e-02
1.650000000000000000e+02 -3.416903351517348170e-02
1.660000000000000000e+02 -3.457581677489540012e-02
1.670000000000000000e+02 -3.498487419897675782e-02
1.680000000000000000e+02 -3.539620268874370951e-02
1.690000000000000000e+02 -3.580979912928394099e-02
1.700000000000000000e+02 -3.622566038948702577e-02
1.720000000000000000e+02 -3.706416476367926927e-02
1.730000000000000000e+02 -3.748680153481392247e-02
1.740000000000000000e+02 -3.791169043998032784e-02
1.750000000000000000e+02 -3.833882826767959218e-02
1.770000000000000000e+02 -3.919983776493910638e-02
1.780000000000000000e+02 -3.963370293188813592e-02
1.790000000000000000e+02 -4.006980401623039256e-02
1.800000000000000000e+02 -4.050813772710485511e-02
1.820000000000000000e+02 -4.139148978631384396e-02
1.830000000000000000e+02 -4.183650147436079186e-02
1.840000000000000000e+02 -4.228373246845138628e-02
1.860000000000000000e+02 -4.318483888254422837e-02
1.870000000000000000e+02 -4.363870751764727801e-02
1.880000000000000000e+02 -4.409478188908095425e-02
1.900000000000000000e+02 -4.501353410139796729e-02
1.910000000000000000e+02 -4.547620503415346349e-02
1.920000000000000000e+02 -4.594106788707250089e-02
1.940000000000000000e+02 -4.687735536933081842e-02
1.950000000000000000e+02 -4.734877296872141983e-02
1.960000000000000000e+02 -4.782236842846666197e-02
1.980000000000000000e+02 -4.877607870327110851e-02
1.990000000000000000e+02 -4.925618636798950040e-02
2.010000000000000000e+02 -5.022288876428909754e-02
2.020000000000000000e+02 -5.070947625618737326e-02
2.040000000000000000e+02 -5.168910561738566944e-02
2.050000000000000000e+02 -5.218214015848598314e-02
2.070000000000000000e+02 -5.317463053134157541e-02
2.080000000000000000e+02 -5.367407894721642342e-02
2.090000000000000000e+02 -5.417565788127422927e-02
2.110000000000000000e+02 -5.518519231290527211e-02
2.120000000000000000e+02 -5.569314027900136577e-02
2.140000000000000000e+02 -5.671537877568551961e-02
2.160000000000000000e+02 -5.774604861079949553e-02
2.170000000000000000e+02 -5.826453569681991351e-02
2.190000000000000000e+02 -5.930779491563524519e-02
2.200000000000000000e+02 -5.983255929034542869e-02
2.220000000000000000e+02 -6.088833807067510484e-02
2.230000000000000000e+02 -6.141934463483173651e-02
2.250000000000000000e+02 -6.248757240409576891e-02
2.270000000000000000e+02 -6.356405992537196570e-02
2.280000000000000000e+02 -6.410539112845103915e-02
2.300000000000000000e+02 -6.519420837184977668e-02
2.310000000000000000e+02 -6.574168635271981920e-02
2.330000000000000000e+02 -6.684276078380051167e-02
2.350000000000000000e+02 -6.795196602013345299e-02
2.360000000000000000e+02 -6.850960745798942431e-02
2.380000000000000000e+02 -6.963094739354923346e-02
2.400000000000000000e+02 -7.076033581731278055e-02
2.410000000000000000e+02 -7.132803781680535637e-02
2.430000000000000000e+02 -7.246943648736545174e-02
2.450000000000000000e+02 -7.361880003263110428e-02
2.470000000000000000e+02 -7.477609465000817357e-02
2.480000000000000000e+02 -7.535770549225707937e-02
2.500000000000000000e+02 -7.652683289740179473e-02
2.520000000000000000e+02 -7.770380598987210174e-02
2.540000000000000000e+02 -7.888859026887543036e-02
2.560000000000000000e+02 -8.008115103795830636e-02
2.570000000000000000e+02 -8.068033671055994949e-02
2.590000000000000000e+02 -8.188449673512948612e-02
2.610000000000000000e+02 -8.309634566390404486e-02
2.630000000000000000e+02 -8.431584812917010396e-02
2.650000000000000000e+02 -8.554296857532876774e-02
2.670000000000000000e+02 -8.677767126064303560e-02
2.690000000000000000e+02 -8.801992025899380012e-02
2.710000000000000000e+02 -8.926967946164023060e-02
2.720000000000000000e+02 -8.989736405609263792e-02
2.740000000000000000e+02 -9.115832046616818840e-02
2.760000000000000000e+02 -9.242669602134730156e-02
2.780000000000000000e+02 -9.370245398769490308e-02
2.800000000000000000e+02 -9.498555745666502348e-02
2.820000000000000000e+02 -9.627596934690380026e-02
2.840000000000000000e+02 -9.757365240605367362e-02
2.860000000000000000e+02 -9.887856921256160669e-02
2.880000000000000000e+02 -1.001906821774990602e-01
2.900000000000000000e+02 -1.015099535463834801e-01
2.920000000000000000e+02 -1.028363454010053357e-01
2.950000000000000000e+02 -1.048392007496589950e-01
2.970000000000000000e+02 -1.061832268685697356e-01
2.990000000000000000e+02 -1.075342394966692788e-01
3.010000000000000000e+02 -1.088922000017525232e-01
3.030000000000000000e+02 -1.102570695980397836e-01
3.050000000000000000e+02 -1.116288093480410221e-01
3.070000000000000000e+02 -1.130073801644190523e-01
3.100000000000000000e+02 -1.150879587712026753e-01
3.120000000000000000e+02 -1.164834352799702932e-01
3.140000000000000000e+02 -1.178856048964699310e-01
3.160000000000000000e+02 -1.192944278822875986e-01
3.180000000000000000e+02 -1.207098643595118231e-01
3.210000000000000000e+02 -1.228453318006414857e-01
3.230000000000000000e+02 -1.242771266421770215e-01
3.250000000000000000e+02 -1.257153943312773747e-01
3.280000000000000000e+02 -1.278848438640794172e-01
3.300000000000000000e+02 -1.293391162809621187e-01
3.320000000000000000e+02 -1.307997192975679790e-01
3.350000000000000000e+02 -1.330024041391991985e-01
3.370000000000000000e+02 -1.344786543395493084e-01
3.400000000000000000e+02 -1.367046170304769270e-01
3.420000000000000000e+02 -1.381962567475700510e-01
3.440000000000000000e+02 -1.396939797158771035e-01
3.470000000000000000e+02 -1.419518791675940805e-01
3.490000000000000000e+02 -1.434646278893579041e-01
3.520000000000000000e+02 -1.457448698444178681e-01
3.540000000000000000e+02 -1.472723824275991578e-01
3.570000000000000000e+02 -1.495745728108915373e-01
3.590000000000000000e+02 -1.511165857317632033e-01
3.620000000000000000e+02 -1.534403280776011624e-01
3.640000000000000000e+02 -1.549965762567142025e-01
3.670000000000000000e+02 -1.573414718228850206e-01
3.700000000000000000e+02 -1.596988670207273864e-01
3.720000000000000000e+02 -1.612773365831824124e-01
3.750000000000000000e+02 -1.636552425638204133e-01
3.780000000000000000e+02 -1.660452611554276703e-01
3.800000000000000000e+02 -1.676452640806928296e-01
3.830000000000000000e+02 -1.700551459505592333e-01
3.860000000000000000e+02 -1.724767505111090560e-01
3.890000000000000000e+02 -1.749099308520886964e-01
3.910000000000000000e+02 -1.765384093598513504e-01
3.940000000000000000e+02 -1.789905552479008344e-01
3.970000000000000000e+02 -1.814538834683150359e-01
4.000000000000000000e+02 -1.839282458875372561e-01
4.030000000000000000e+02 -1.864134940729070822e-01
4.050000000000000000e+02 -1.880763004151178863e-01
4.080000000000000000e+02 -1.905793609281611345e-01
4.110000000000000000e+02 -1.930929100369813411e-01
4.140000000000000000e+02 -1.956167983384981823e-01
4.170000000000000000e+02 -1.981508761993280299e-01
4.200000000000000000e+02 -2.006949937704567144e-01
4.230000000000000000e+02 -2.032490010018976612e-01
4.260000000000000000e+02 -2.058127476573132497e-01
4.290000000000000000e+02 -2.083860833286200476e-01
4.320000000000000000e+02 -2.109688574505451386e-01
4.350000000000000000e+02 -2.135609193151568608e-01
4.380000000000000000e+02 -2.161621180863647906e-01
4.410000000000000000e+02 -2.187723028143719328e-01
4.450000000000000000e+02 -2.222662661884043933e-01
4.480000000000000000e+02 -2.248968305911425158e-01
4.510000000000000000e+02 -2.275358771482924314e-01
4.540000000000000000e+02 -2.301832545833909227e-01
4.570000000000000000e+02 -2.328388115826699190e-01
4.610000000000000000e+02 -2.363920164433371829e-01
4.640000000000000000e+02 -2.390660705463875935e-01
4.670000000000000000e+02 -2.417477997465113382e-01
4.710000000000000000e+02 -2.453351161975843853e-01
4.740000000000000000e+02 -2.480341655878385010e-01
4.770000000000000000e+02 -2.507403858712388689e-01
4.810000000000000000e+02 -2.543595730996179305e-01
4.840000000000000000e+02 -2.570819378747751238e-01
4.880000000000000000e+02 -2.607221031210019691e-01
4.910000000000000000e+02 -2.634597907600012556e-01
4.950000000000000000e+02 -2.671198395109973811e-01
4.980000000000000000e+02 -2.698720299674436385e-01
5.020000000000000000e+02 -2.735508700848426344e-01
5.050000000000000000e+02 -2.763167452917202338e-01
5.090000000000000000e+02 -2.800132875390236586e-01
5.120000000000000000e+02 -2.827920318015053058e-01
5.160000000000000000e+02 -2.865051903643369702e-01
5.200000000000000000e+02 -2.902273579495759370e-01
5.230000000000000000e+02 -2.930246837464148268e-01
5.270000000000000000e+02 -2.967617695128927924e-01
5.310000000000000000e+02 -3.005068971226936281e-01
5.350000000000000000e+02 -3.042597166061413727e-01
5.380000000000000000e+02 -3.070791690482953529e-01
5.420000000000000000e+02 -3.108446102522766652e-01
5.460000000000000000e+02 -3.146167862573810425e-01
5.500000000000000000e+02 -3.183953511322377139e-01
5.540000000000000000e+02 -3.221799601424885084e-01
5.580000000000000000e+02 -3.259702698003638099e-01
5.620000000000000000e+02 -3.297659379136310687e-01
5.660000000000000000e+02 -3.335666236340660284e-01
5.700000000000000000e+02 -3.373719875052694772e-01
5.740000000000000000e+02 -3.411816915099546987e-01
5.780000000000000000e+02 -3.449953991166322953e-01
5.820000000000000000e+02 -3.488127753256833330e-01
5.860000000000000000e+02 -3.526334867148375740e-01
5.900000000000000000e+02 -3.564572014840534098e-01
5.950000000000000000e+02 -3.612405656731162984e-01
5.990000000000000000e+02 -3.650698336058870175e-01
6.030000000000000000e+02 -3.689010383025248530e-01
6.070000000000000000e+02 -3.727338553434461632e-01
6.120000000000000000e+02 -3.775266527644807746e-01
6.160000000000000000e+02 -3.813619210562967377e-01
6.210000000000000000e+02 -3.861567722108643630e-01
6.250000000000000000e+02 -3.899928805951526356e-01
6.290000000000000000e+02 -3.938288511201279429e-01
6.340000000000000000e+02 -3.986231457588499949e-01
6.380000000000000000e+02 -4.024576696593705205e-01
6.430000000000000000e+02 -4.072491812358530194e-01
6.480000000000000000e+02 -4.120383121719513597e-01
6.520000000000000000e+02 -4.158675067249928414e-01
6.570000000000000000e+02 -4.206508714163136320e-01
6.610000000000000000e+02 -4.244746989666801640e-01
6.660000000000000000e+02 -4.292504209680098048e-01
6.710000000000000000e+02 -4.340210985374355901e-01
6.760000000000000000e+02 -4.387861687595203120e-01
6.800000000000000000e+02 -4.425938131840711498e-01
6.850000000000000000e+02 -4.473473907827819618e-01
6.900000000000000000e+02 -4.520938169722129585e-01
6.950000000000000000e+02 -4.568325520283075813e-01
7.000000000000000000e+02 -4.615630625303799861e-01
7.050000000000000000e+02 -4.662848214392837365e-01
7.100000000000000000e+02 -4.709973081728164312e-01
7.150000000000000000e+02 -4.757000086783565451e-01
7.200000000000000000e+02 -4.803924155027431975e-01
7.250000000000000000e+02 -4.850740278593864696e-01
7.310000000000000000e+02 -4.906770188370842556e-01
7.360000000000000000e+02 -4.953331538567981029e-01
7.410000000000000000e+02 -4.999769374229628416e-01
7.460000000000000000e+02 -5.046078974192057531e-01
7.520000000000000000e+02 -5.101474678716494404e-01
7.570000000000000000e+02 -5.147485885920163318e-01
7.620000000000000000e+02 -5.193354220587454995e-01
7.680000000000000000e+02 -5.248201404872645526e-01
7.730000000000000000e+02 -5.293739944329445279e-01
7.790000000000000000e+02 -5.348178871252302624e-01
7.840000000000000000e+02 -5.393366963530907832e-01
7.900000000000000000e+02 -5.447373313668246730e-01
7.950000000000000000e+02 -5.492191080213630894e-01
8.010000000000000000e+02 -5.545741466604269254e-01
8.070000000000000000e+02 -5.599033624087738081e-01
8.130000000000000000e+02 -5.652061027456929398e-01
8.180000000000000000e+02 -5.696043686237921566e-01
8.240000000000000000e+02 -5.748569270261466579e-01
8.300000000000000000e+02 -5.800812448387426823e-01
8.360000000000000000e+02 -5.852767286678819403e-01
8.420000000000000000e+02 -5.904428006003947793e-01
8.480000000000000000e+02 -5.955788982126352105e-01
8.540000000000000000e+02 -6.006844745723418644e-01
8.600000000000000000e+02 -6.057589982334392609e-01
8.660000000000000000e+02 -6.108019532239183924e-01
8.720000000000000000e+02 -6.158128390268415853e-01
8.780000000000000000e+02 -6.207911705545811065e-01
8.850000000000000000e+02 -6.265574532544313513e-01
8.910000000000000000e+02 -6.314636597062109891e-01
8.970000000000000000e+02 -6.363358771549484372e-01
9.040000000000000000e+02 -6.419766114144492830e-01
9.100000000000000000e+02 -6.467737612681075943e-01
9.170000000000000000e+02 -6.523258312478115162e-01
9.230000000000000000e+02 -6.570460901526851138e-01
9.300000000000000000e+02 -6.625074578374513523e-01
9.360000000000000000e+02 -6.671491549884814853e-01
9.430000000000000000e+02 -6.725179592941143980e-01
9.500000000000000000e+02 -6.778362122186070149e-01
9.560000000000000000e+02 -6.823541290428836170e-01
9.630000000000000000e+02 -6.875772954483587718e-01
9.700000000000000000e+02 -6.927486612614246475e-01
9.770000000000000000e+02 -6.978678402044722340e-01
9.840000000000000000e+02 -7.029344719938721564e-01
9.910000000000000000e+02 -7.079482220622691502e-01
9.980000000000000000e+02 -7.129087812700325433e-01
1.005000000000000000e+03 -7.178158656062864074e-01
1.012000000000000000e+03 -7.226692158798967425e-01
1.020000000000000000e+03 -7.281498051455510545e-01
1.027000000000000000e+03 -7.328872517107587470e-01
1.034000000000000000e+03 -7.375703075839826761e-01
1.041000000000000000e+03 -7.421988129042961235e-01
1.049000000000000000e+03 -7.474215622664319714e-01
1.056000000000000000e+03 -7.519327421178979565e-01
1.064000000000000000e+03 -7.570211422528458911e-01
1.071000000000000000e+03 -7.614145896193039720e-01
1.079000000000000000e+03 -7.663682985455374519e-01
1.087000000000000000e+03 -7.712501153872132198e-01
1.094000000000000000e+03 -7.754627351904793686e-01
1.102000000000000000e+03 -7.802097982475123539e-01
1.110000000000000000e+03 -7.848850793335364617e-01
1.118000000000000000e+03 -7.894886815634619692e-01
1.126000000000000000e+03 -7.940207401993002456e-01
1.134000000000000000e+03 -7.984814218355361648e-01
1.142000000000000000e+03 -8.028709235781509301e-01
1.150000000000000000e+03 -8.071894722182967330e-01
1.158000000000000000e+03 -8.114373234014127245e-01
1.167000000000000000e+03 -8.161320046882019064e-01
1.175000000000000000e+03 -8.202305994454236471e-01
1.183000000000000000e+03 -8.242594724097019876e-01
1.192000000000000000e+03 -8.287090716187336392e-01
1.200000000000000000e+03 -8.325910309676587406e-01
1.209000000000000000e+03 -8.368763802633223392e-01
1.217000000000000000e+03 -8.406133079333217850e-01
1.226000000000000000e+03 -8.447366472442959795e-01
1.235000000000000000e+03 -8.487752030834539996e-01
1.243000000000000000e+03 -8.522944397199540001e-01
1.252000000000000000e+03 -8.561748521451916227e-01
1.261000000000000000e+03 -8.599726582768165706e-01
1.270000000000000000e+03 -8.636886677959754177e-01
1.279000000000000000e+03 -8.673237168369576366e-01
1.288000000000000000e+03 -8.708786665548525763e-01
1.297000000000000000e+03 -8.743544017094263543e-01
1.307000000000000000e+03 -8.781245275239085712e-01
1.316000000000000000e+03 -8.814360356482439096e-01
1.325000000000000000e+03 -8.846712176173855413e-01
1.335000000000000000e+03 -8.881775230140767086e-01
1.344000000000000000e+03 -8.912547688255056944e-01
1.354000000000000000e+03 -8.945880483729202748e-01
1.363000000000000000e+03 -8.975118175416578747e-01
1.373000000000000000e+03 -9.006770990281808276e-01
1.383000000000000000e+03 -9.037560233929485820e-01
1.393000000000000000e+03 -9.067500338361987877e-01
1.403000000000000000e+03 -9.096605869191013438e-01
1.413000000000000000e+03 -9.124891506559723586e-01
1.423000000000000000e+03 -9.152372026588451170e-01
1.433000000000000000e+03 -9.179062283352624751e-01
1.443000000000000000e+03 -9.204977191401492176e-01
1.453000000000000000e+03 -9.230131708823509085e-01
1.464000000000000000e+03 -9.256941312125194221e-01
1.474000000000000000e+03 -9.280547799270443265e-01
1.485000000000000000e+03 -9.305690936852399897e-01
1.495000000000000000e+03 -9.327815487579094178e-01
1.506000000000000000e+03 -9.351364758825657653e-01
1.516000000000000000e+03 -9.372073210901192830e-01
1.527000000000000000e+03 -9.394100786360682909e-01
1.538000000000000000e+03 -9.415359859676301069e-01
1.549000000000000000e+03 -9.435869914375959455e-01
1.560000000000000000e+03 -9.455650286836437823e-01
1.571000000000000000e+03 -9.474720149387033663e-01
1.582000000000000000e+03 -9.493098494372202989e-01
1.594000000000000000e+03 -9.512381007517685116e-01
1.605000000000000000e+03 -9.529373948071973022e-01
1.616000000000000000e+03 -9.545732781139240064e-01
1.628000000000000000e+03 -9.562876857463975533e-01
1.639000000000000000e+03 -9.577968059529956557e-01
1.651000000000000000e+03 -9.593771509703261646e-01
1.663000000000000000e+03 -9.608908429779378091e-01
1.675000000000000000e+03 -9.623400890197322255e-01
1.687000000000000000e+03 -9.637270557180531716e-01
1.699000000000000000e+03 -9.650538682054867756e-01
1.711000000000000000e+03 -9.663226091830439124e-01
1.723000000000000000e+03 -9.675353181004455738e-01
1.735000000000000000e+03 -9.686939904541017610e-01
1.748000000000000000e+03 -9.698905017433099296e-01
1.760000000000000000e+03 -9.709428117816458759e-01
1.772000000000000000e+03 -9.719469556634524610e-01
1.785000000000000000e+03 -9.729825234084352736e-01
1.798000000000000000e+03 -9.739659293355115155e-01
1.811000000000000000e+03 -9.748993519902950933e-01
1.823000000000000000e+03 -9.757184394248503700e-01
1.836000000000000000e+03 -9.765616311088610724e-01
1.849000000000000000e+03 -9.773608454503301957e-01
1.863000000000000000e+03 -9.781745702945402465e-01
1.876000000000000000e+03 -9.788885480085220969e-01
1.889000000000000000e+03 -9.795642943479058173e-01
1.903000000000000000e+03 -9.802512630429945917e-01
1.916000000000000000e+03 -9.808531056467779674e-01
1.930000000000000000e+03 -9.814643170669343775e-01
1.944000000000000000e+03 -9.820391334178513176e-01
1.957000000000000000e+03 -9.825419390496301641e-01
1.971000000000000000e+03 -9.830517809892425074e-01
1.985000000000000000e+03 -9.835304943439321379e-01
2.000000000000000000e+03 -9.840107367872341637e-01
