0.000000000000000000e+00 0.000000000000000000e+00
1.000000000000000000e+00 -1.217158953799092406e-06
2.000000000000000000e+00 -3.651472327953214235e-06
3.000000000000000000e+00 -7.302931056019967948e-06
4.000000000000000000e+00 -1.217152153811781153e-05
5.000000000000000000e+00 -1.825722564104199550e-05
6.000000000000000000e+00 -2.556002069938134258e-05
7.000000000000000000e+00 -3.407987951363905939e-05
8.000000000000000000e+00 -4.381677035246304194e-05
9.000000000000000000e+00 -5.477065695188014261e-05
1.000000000000000000e+01 -6.694149851519828702e-05
1.100000000000000000e+01 -8.032924971446454301e-05
1.200000000000000000e+01 -9.493386068903814112e-05
1.300000000000000000e+01 -1.107552770476069620e-04
1.400000000000000000e+01 -1.277934398675410331e-04
1.500000000000000000e+01 -1.460482856954689861e-04
1.600000000000000000e+01 -1.655197465476339455e-04
1.700000000000000000e+01 -1.862077499104732655e-04
1.800000000000000000e+01 -2.081122187413110504e-04
1.900000000000000000e+01 -2.312330714680524912e-04
2.000000000000000000e+01 -2.555702219906570249e-04
2.100000000000000000e+01 -2.811235796807253352e-04
2.200000000000000000e+01 -3.078930493829750326e-04
2.300000000000000000e+01 -3.358785314152753490e-04
2.400000000000000000e+01 -3.650799215693491858e-04
2.500000000000000000e+01 -3.954971111116989684e-04
2.600000000000000000e+01 -4.271299867839787982e-04
2.700000000000000000e+01 -4.599784308039237229e-04
2.800000000000000000e+01 -4.940423208660583163e-04
2.900000000000000000e+01 -5.293215301424068851e-04
3.000000000000000000e+01 -5.658159272832055187e-04
3.100000000000000000e+01 -6.035253764178374848e-04
3.200000000000000000e+01 -6.424497371557707929e-04
3.300000000000000000e+01 -6.825888645876074853e-04
3.400000000000000000e+01 -7.239426092852475686e-04
3.500000000000000000e+01 -7.665108173039405408e-04
3.600000000000000000e+01 -8.102933301822307479e-04
3.700000000000000000e+01 -8.552899849439011409e-04
3.800000000000000000e+01 -9.015006140975882765e-04
3.900000000000000000e+01 -9.489250456397297197e-04
4.000000000000000000e+01 -9.975631030542920184e-04
4.100000000000000000e+01 -1.047414605314166830e-03
4.200000000000000000e+01 -1.098479366882569325e-03
4.300000000000000000e+01 -1.150757197714102984e-03
4.400000000000000000e+01 -1.204247903255828075e-03
4.500000000000000000e+01 -1.258951284448551859e-03
4.600000000000000000e+01 -1.314867137728345167e-03
4.700000000000000000e+01 -1.371995255027280746e-03
4.800000000000000000e+01 -1.430335423775506033e-03
4.900000000000000000e+01 -1.489887426901543481e-03
5.000000000000000000e+01 -1.550651042834919535e-03
5.100000000000000000e+01 -1.612626045506580091e-03
5.200000000000000000e+01 -1.675812204350635203e-03
5.300000000000000000e+01 -1.740209284305997087e-03
5.400000000000000000e+01 -1.805817045817685075e-03
5.500000000000000000e+01 -1.872635244838245262e-03
5.600000000000000000e+01 -1.940663632829502582e-03
5.700000000000000000e+01 -2.009901956764203589e-03
5.800000000000000000e+01 -2.080349959126886420e-03
5.900000000000000000e+01 -2.152007377916858016e-03
6.000000000000000000e+01 -2.224873946648622813e-03
6.100000000000000000e+01 -2.298949394353863151e-03
6.200000000000000000e+01 -2.374233445583425525e-03
6.300000000000000000e+01 -2.450725820409420472e-03
6.400000000000000000e+01 -2.528426234425760338e-03
6.500000000000000000e+01 -2.607334398751043249e-03
6.600000000000000000e+01 -2.687450020030206308e-03
6.700000000000000000e+01 -2.768772800435631478e-03
6.800000000000000000e+01 -2.851302437670474952e-03
6.900000000000000000e+01 -2.935038624968991545e-03
7.000000000000000000e+01 -3.019981051099201400e-03
7.100000000000000000e+01 -3.106129400365221019e-03
7.200000000000000000e+01 -3.193483352608598568e-03
7.300000000000000000e+01 -3.282042583210758105e-03
7.400000000000000000e+01 -3.371806763094780703e-03
7.500000000000000000e+01 -3.462775558727522983e-03
7.600000000000000000e+01 -3.554948632122063076e-03
7.700000000000000000e+01 -3.648325640839492155e-03
7.800000000000000000e+01 -3.742906237990808321e-03
7.900000000000000000e+01 -3.838690072239817497e-03
8.000000000000000000e+01 -3.935676787804814371e-03
8.100000000000000000e+01 -4.033866024461262544e-03
8.200000000000000000e+01 -4.133257417543249532e-03
8.300000000000000000e+01 -4.233850597946845623e-03
8.400000000000000000e+01 -4.335645192131893678e-03
8.500000000000000000e+01 -4.438640822124141974e-03
8.600000000000000000e+01 -4.542837105517823736e-03
8.700000000000000000e+01 -4.648233655478342490e-03
8.800000000000000000e+01 -4.754830080744632155e-03
8.900000000000000000e+01 -4.862625985631074781e-03
9.000000000000000000e+01 -4.971620970030412277e-03
9.100000000000000000e+01 -5.081814629417109180e-03
9.200000000000000000e+01 -5.193206554847721278e-03
9.300000000000000000e+01 -5.305796332965921971e-03
9.400000000000000000e+01 -5.419583546003426885e-03
9.500000000000000000e+01 -5.534567771783362698e-03
9.600000000000000000e+01 -5.650748583722639377e-03
9.700000000000000000e+01 -5.768125550834868852e-03
9.800000000000000000e+01 -5.886698237732967964e-03
9.900000000000000000e+01 -6.006466204631751883e-03
1.000000000000000000e+02 -6.127429007351309874e-03
1.010000000000000000e+02 -6.249586197318712268e-03
1.020000000000000000e+02 -6.372937321571733177e-03
1.030000000000000000e+02 -6.497481922761550593e-03
1.040000000000000000e+02 -6.623219539155466434e-03
1.050000000000000000e+02 -6.750149704639738478e-03
1.060000000000000000e+02 -6.878271948723068026e-03
1.070000000000000000e+02 -7.007585796538103907e-03
1.080000000000000000e+02 -7.138090768846601548e-03
1.090000000000000000e+02 -7.269786382040926975e-03
1.100000000000000000e+02 -7.402672148147221819e-03
1.110000000000000000e+02 -7.536747574828796432e-03
1.120000000000000000e+02 -7.672012165389191680e-03
1.130000000000000000e+02 -7.808465418775564250e-03
1.140000000000000000e+02 -7.946106829581207204e-03
1.150000000000000000e+02 -8.084935888049047184e-03
1.160000000000000000e+02 -8.224952080075160696e-03
1.170000000000000000e+02 -8.366154887210947716e-03
1.180000000000000000e+02 -8.508543786668197953e-03
1.190000000000000000e+02 -8.652118251320948736e-03
1.200000000000000000e+02 -8.796877749708543331e-03
1.210000000000000000e+02 -8.942821746040599193e-03
1.220000000000000000e+02 -9.089949700198635130e-03
1.230000000000000000e+02 -9.238261067740482710e-03
1.240000000000000000e+02 -9.387755299903688053e-03
1.250000000000000000e+02 -9.538431843608490349e-03
1.260000000000000000e+02 -9.690290141461329471e-03
1.270000000000000000e+02 -9.843329631758837572e-03
1.280000000000000000e+02 -9.997549748491010163e-03
1.290000000000000000e+02 -1.015294992134430085e-02
1.300000000000000000e+02 -1.030952957570681512e-02
1.310000000000000000e+02 -1.046728813266962176e-02
1.320000000000000000e+02 -1.062622500903249653e-02
1.330000000000000000e+02 -1.078633961730613745e-02
1.340000000000000000e+02 -1.094763136571635063e-02
1.350000000000000000e+02 -1.111009965820814599e-02
1.360000000000000000e+02 -1.127374389444951198e-02
1.370000000000000000e+02 -1.143856346983326486e-02
1.380000000000000000e+02 -1.160455777548415057e-02
1.390000000000000000e+02 -1.177172619825973127e-02
1.400000000000000000e+02 -1.194006812075580626e-02
1.410000000000000000e+02 -1.210958292130994741e-02
1.420000000000000000e+02 -1.228026997400451237e-02
1.430000000000000000e+02 -1.245212864867272125e-02
1.440000000000000000e+02 -1.262515831090044865e-02
1.450000000000000000e+02 -1.279935832203108609e-02
1.460000000000000000e+02 -1.297472803916910680e-02
1.470000000000000000e+02 -1.315126681518527345e-02
1.480000000000000000e+02 -1.332897399871897648e-02
1.490000000000000000e+02 -1.350784893418379221e-02
1.500000000000000000e+02 -1.368789096177069030e-02
1.510000000000000000e+02 -1.386909941745304541e-02
1.520000000000000000e+02 -1.405147363298941271e-02
1.530000000000000000e+02 -1.423501293592875985e-02
1.540000000000000000e+02 -1.441971664961468579e-02
1.550000000000000000e+02 -1.460558409318921808e-02
1.570000000000000000e+02 -1.498080742559119820e-02
1.580000000000000000e+02 -1.517016193173386339e-02
1.590000000000000000e+02 -1.536067740240524594e-02
1.600000000000000000e+02 -1.555235313580481844e-02
1.610000000000000000e+02 -1.574518842595643356e-02
1.620000000000000000e+02 -1.593918256271309800e-02
1.630000000000000000e+02 -1.613433483176167360e-02
1.650000000000000000e+02 -1.652811088867278677e-02
1.660000000000000000e+02 -1.672673322711598631e-02
1.670000000000000000e+02 -1.692651079902002947e-02
1.680000000000000000e+02 -1.712744286930617879e-02
1.690000000000000000e+02 -1.732952869875577923e-02
1.700000000000000000e+02 -1.753276754401538254e-02
1.720000000000000000e+02 -1.794270128790561442e-02
1.730000000000000000e+02 -1.814939467919711100e-02
1.740000000000000000e+02 -1.835723807163073401e-02
1.750000000000000000e+02 -1.856623070124851713e-02
1.770000000000000000e+02 -1.898766059567956466e-02
1.780000000000000000e+02 -1.920009631206417988e-02
1.790000000000000000e+02 -1.941367816878594721e-02
1.800000000000000000e+02 -1.962840538140250488e-02
1.820000000000000000e+02 -2.006129271614321211e-02
1.830000000000000000e+02 -2.027945124899080756e-02
1.840000000000000000e+02 -2.049875195918901896e-02
1.860000000000000000e+02 -2.094077668836057463e-02
1.870000000000000000e+02 -2.116349908555610268e-02
1.880000000000000000e+02 -2.138736041655726547e-02
1.900000000000000000e+02 -2.183849659191908210e-02
1.910000000000000000e+02 -2.206576978216242407e-02
1.920000000000000000e+02 -2.229417859798766069e-02
1.940000000000000000e+02 -2.275439975387359010e-02
1.950000000000000000e+02 -2.298621040764302348e-02
1.960000000000000000e+02 -2.321915331442072489e-02
1.980000000000000000e+02 -2.368843247037497393e-02
1.990000000000000000e+02 -2.392476700125190439e-02
2.010000000000000000e+02 -2.440082164316495147e-02
2.020000000000000000e+02 -2.464054001200833774e-02
2.040000000000000000e+02 -2.512335446021722596e-02
2.050000000000000000e+02 -2.536644877359406358e-02
2.070000000000000000e+02 -2.585600713427140679e-02
2.080000000000000000e+02 -2.610246939188689413e-02
2.090000000000000000e+02 -2.635005250133292190e-02
2.110000000000000000e+02 -2.684857765307517921e-02
2.120000000000000000e+02 -2.709951787424507916e-02
2.140000000000000000e+02 -2.760474902500759456e-02
2.160000000000000000e+02 -2.811444163187234307e-02
2.170000000000000000e+02 -2.837095865855951762e-02
2.190000000000000000e+02 -2.888732947886530830e-02
2.200000000000000000e+02 -2.914718138901955385e-02
2.220000000000000000e+02 -2.967021347165684983e-02
2.230000000000000000e+02 -2.993339173748995469e-02
2.250000000000000000e+02 -3.046306792267830174e-02
2.270000000000000000e+02 -3.099716387374030352e-02
2.280000000000000000e+02 -3.126586683254644478e-02
2.300000000000000000e+02 -3.180657782540945860e-02
2.310000000000000000e+02 -3.207858389150949896e-02
2.330000000000000000e+02 -3.262589221463289141e-02
2.350000000000000000e+02 -3.317758881685096972e-02
2.360000000000000000e+02 -3.345508021763254208e-02
2.380000000000000000e+02 -3.401334417554819495e-02
2.400000000000000000e+02 -3.457597624071899467e-02
2.410000000000000000e+02 -3.485892776149907696e-02
2.430000000000000000e+02 -3.542809664265396397e-02
2.450000000000000000e+02 -3.600161308401710752e-02
2.470000000000000000e+02 -3.657946876241779943e-02
2.480000000000000000e+02 -3.687002119828924201e-02
2.500000000000000000e+02 -3.745436999658710575e-02
2.520000000000000000e+02 -3.804303696490526909e-02
2.540000000000000000e+02 -3.863601357334629782e-02
2.560000000000000000e+02 -3.923329123341401381e-02
2.570000000000000000e+02 -3.953354025793170273e-02
2.590000000000000000e+02 -4.013725326434972734e-02
2.610000000000000000e+02 -4.074524559618156877e-02
2.630000000000000000e+02 -4.135750846151314136e-02
2.650000000000000000e+02 -4.197403301079047355e-02
2.670000000000000000e+02 -4.259481033703853281e-02
2.690000000000000000e+02 -4.321983147608009918e-02
2.710000000000000000e+02 -4.384908740675266120e-02
2.720000000000000000e+02 -4.416530058430992445e-02
2.740000000000000000e+02 -4.480089166363915992e-02
2.760000000000000000e+02 -4.544069473383820223e-02
2.780000000000000000e+02 -4.608470057604394793e-02
2.800000000000000000e+02 -4.673289991541095673e-02
2.820000000000000000e+02 -4.738528342133874888e-02
2.840000000000000000e+02 -4.804184170769859596e-02
2.860000000000000000e+02 -4.870256533305940966e-02
2.880000000000000000e+02 -4.936744480092233184e-02
2.900000000000000000e+02 -5.003647055994696335e-02
2.920000000000000000e+02 -5.070963300418693254e-02
2.950000000000000000e+02 -5.172711180856493646e-02
2.970000000000000000e+02 -5.241057358357693180e-02
2.990000000000000000e+02 -5.309813799634025000e-02
3.010000000000000000e+02 -5.378979519808042148e-02
3.030000000000000000e+02 -5.448553528671601365e-02
3.050000000000000000e+02 -5.518534830709441452e-02
3.070000000000000000e+02 -5.588922425123606791e-02
3.100000000000000000e+02 -5.695263412769683425e-02
3.120000000000000000e+02 -5.766662325183577464e-02
3.140000000000000000e+02 -5.838463985929085581e-02
3.160000000000000000e+02 -5.910667370736642084e-02
3.180000000000000000e+02 -5.983271450188508422e-02
3.210000000000000000e+02 -6.092926607370185293e-02
3.230000000000000000e+02 -6.166527886168048089e-02
3.250000000000000000e+02 -6.240526216464007542e-02
3.280000000000000000e+02 -6.352265880241264595e-02
3.300000000000000000e+02 -6.427252224618963672e-02
3.320000000000000000e+02 -6.502631915661401252e-02
3.350000000000000000e+02 -6.616436635901634666e-02
3.370000000000000000e+02 -6.692795002901164025e-02
3.400000000000000000e+02 -6.808062678773404985e-02
3.420000000000000000e+02 -6.885392959571490223e-02
3.440000000000000000e+02 -6.963110095520681775e-02
3.470000000000000000e+02 -7.080408747834505967e-02
3.490000000000000000e+02 -7.159088203815644480e-02
3.520000000000000000e+02 -7.277825142689828275e-02
3.540000000000000000e+02 -7.357459976872077201e-02
3.570000000000000000e+02 -7.477624734543870944e-02
3.590000000000000000e+02 -7.558207931983579320e-02
3.620000000000000000e+02 -7.679789931802141756e-02
3.640000000000000000e+02 -7.761314405486122170e-02
3.670000000000000000e+02 -7.884302963483777460e-02
3.700000000000000000e+02 -8.008130284033326829e-02
3.720000000000000000e+02 -8.091145881857957078e-02
3.750000000000000000e+02 -8.216362446978645040e-02
3.780000000000000000e+02 -8.342407306716437265e-02
3.800000000000000000e+02 -8.426895419248615904e-02
3.830000000000000000e+02 -8.554311945835604836e-02
3.860000000000000000e+02 -8.682546142620696517e-02
3.890000000000000000e+02 -8.811593985919474736e-02
3.910000000000000000e+02 -8.898075910671347788e-02
3.940000000000000000e+02 -9.028470832406365609e-02
3.970000000000000000e+02 -9.159668567619097534e-02
4.000000000000000000e+02 -9.291665015828676211e-02
4.030000000000000000e+02 -9.424456056111689406e-02
4.050000000000000000e+02 -9.513422812155182540e-02
4.080000000000000000e+02 -9.647528960118047225e-02
4.110000000000000000e+02 -9.782418612736032415e-02
4.140000000000000000e+02 -9.918087575990637561e-02
4.170000000000000000e+02 -1.005453163643875159e-01
4.200000000000000000e+02 -1.019174656143351787e-01
4.230000000000000000e+02 -1.032972809934472186e-01
4.260000000000000000e+02 -1.046847197978051924e-01
4.290000000000000000e+02 -1.060797391381017724e-01
4.320000000000000000e+02 -1.074822959418650636e-01
4.350000000000000000e+02 -1.088923469556991597e-01
4.380000000000000000e+02 -1.103098487475247941e-01
4.410000000000000000e+02 -1.117347577088299015e-01
4.450000000000000000e+02 -1.136460828889462871e-01
4.480000000000000000e+02 -1.150881046828664545e-01
4.510000000000000000e+02 -1.165373870393092010e-01
4.540000000000000000e+02 -1.179938856113456752e-01
4.570000000000000000e+02 -1.194575558877025573e-01
4.610000000000000000e+02 -1.214201950044554723e-01
4.640000000000000000e+02 -1.229004252521216922e-01
4.670000000000000000e+02 -1.243876776756371455e-01
4.710000000000000000e+02 -1.263815261514689425e-01
4.740000000000000000e+02 -1.278849876233893734e-01
4.770000000000000000e+02 -1.293953200270411552e-01
4.810000000000000000e+02 -1.314197056813816988e-01
4.840000000000000000e+02 -1.329458923069775644e-01
4.880000000000000000e+02 -1.349912501438039480e-01
4.910000000000000000e+02 -1.365330403973004925e-01
4.950000000000000000e+02 -1.385990351163906564e-01
4.980000000000000000e+02 -1.401561766579383084e-01
5.020000000000000000e+02 -1.422424706773954273e-01
5.050000000000000000e+02 -1.438147094904831114e-01
5.090000000000000000e+02 -1.459209630390511936e-01
5.120000000000000000e+02 -1.475080434998352619e-01
5.160000000000000000e+02 -1.496339147094630229e-01
5.200000000000000000e+02 -1.517708417442787394e-01
5.230000000000000000e+02 -1.533807246548591907e-01
5.270000000000000000e+02 -1.555367281162766957e-01
5.310000000000000000e+02 -1.577034767870555132e-01
5.350000000000000000e+02 -1.598808570807040141e-01
5.380000000000000000e+02 -1.615208007915760746e-01
5.420000000000000000e+02 -1.637165121415362357e-01
5.460000000000000000e+02 -1.659225411154357510e-01
5.500000000000000000e+02 -1.681387729664181041e-01
5.540000000000000000e+02 -1.703650926618060779e-01
5.580000000000000000e+02 -1.726013848930342542e-01
5.620000000000000000e+02 -1.748475340855946136e-01
5.660000000000000000e+02 -1.771034244089719212e-01
5.700000000000000000e+02 -1.793689397865637913e-01
5.740000000000000000e+02 -1.816439639056220967e-01
5.780000000000000000e+02 -1.839283802271521329e-01
5.820000000000000000e+02 -1.862220719958422033e-01
5.860000000000000000e+02 -1.885249222499472133e-01
5.900000000000000000e+02 -1.908368138311934969e-01
5.950000000000000000e+02 -1.937392138893955784e-01
5.990000000000000000e+02 -1.960710191459092422e-01
6.030000000000000000e+02 -1.984114837271643839e-01
6.070000000000000000e+02 -2.007604897496662877e-01
6.120000000000000000e+02 -2.037085788578021917e-01
6.160000000000000000e+02 -2.060763713773380024e-01
6.210000000000000000e+02 -2.090475694526481854e-01
6.250000000000000000e+02 -2.114335494992772291e-01
6.290000000000000000e+02 -2.138274203016186648e-01
6.340000000000000000e+02 -2.168306744157582067e-01
6.380000000000000000e+02 -2.192418654805879386e-01
6.430000000000000000e+02 -2.222663940902611934e-01
6.480000000000000000e+02 -2.253024168396957905e-01
6.520000000000000000e+02 -2.277393547070414859e-01
6.570000000000000000e+02 -2.307954814132731070e-01
6.610000000000000000e+02 -2.332482012253433157e-01
6.660000000000000000e+02 -2.363236787614234891e-01
6.710000000000000000e+02 -2.394095812700377524e-01
6.760000000000000000e+02 -2.425056762731703508e-01
6.800000000000000000e+02 -2.449897346746536531e-01
6.850000000000000000e+02 -2.481035904859005825e-01
6.900000000000000000e+02 -2.512269881847238318e-01
6.950000000000000000e+02 -2.543596956161086609e-01
7.000000000000000000e+02 -2.575014807777732950e-01
7.050000000000000000e+02 -2.606521118480987775e-01
7.100000000000000000e+02 -2.638113572139001994e-01
7.150000000000000000e+02 -2.669789854980395560e-01
7.200000000000000000e+02 -2.701547655868714037e-01
7.250000000000000000e+02 -2.733384666575190414e-01
7.310000000000000000e+02 -2.771690391112231477e-01
7.360000000000000000e+02 -2.803693554516061837e-01
7.410000000000000000e+02 -2.835768564090930255e-01
7.460000000000000000e+02 -2.867913126758776521e-01
7.520000000000000000e+02 -2.906575189756932520e-01
7.570000000000000000e+02 -2.938864719155734329e-01
7.620000000000000000e+02 -2.971216493957550830e-01
7.680000000000000000e+02 -3.010117587242082116e-01
7.730000000000000000e+02 -3.042598307560492321e-01
7.790000000000000000e+02 -3.081647560424901622e-01
7.840000000000000000e+02 -3.114246282853423420e-01
7.900000000000000000e+02 -3.153430601219893714e-01
7.950000000000000000e+02 -3.186136447108093850e-01
8.010000000000000000e+02 -3.225442818068459117e-01
8.070000000000000000e+02 -3.264810309586342330e-01
8.130000000000000000e+02 -3.304235091236625288e-01
8.180000000000000000e+02 -3.337130086623357750e-01
8.240000000000000000e+02 -3.376650004237153890e-01
8.300000000000000000e+02 -3.416216446309209842e-01
8.360000000000000000e+02 -3.455825645725564277e-01
8.420000000000000000e+02 -3.495473853248589058e-01
8.480000000000000000e+02 -3.535157338065147425e-01
8.540000000000000000e+02 -3.574872388327087203e-01
8.600000000000000000e+02 -3.614615311684155619e-01
8.660000000000000000e+02 -3.654382435808800067e-01
8.720000000000000000e+02 -3.694170108913145123e-01
8.780000000000000000e+02 -3.733974700257876034e-01
8.850000000000000000e+02 -3.780429959118798977e-01
8.910000000000000000e+02 -3.820258854557908035e-01
8.970000000000000000e+02 -3.860093315397891689e-01
9.040000000000000000e+02 -3.906569168681310877e-01
9.100000000000000000e+02 -3.946403582916386821e-01
9.170000000000000000e+02 -3.992869800533705438e-01
9.230000000000000000e+02 -4.032687803304349505e-01
9.300000000000000000e+02 -4.079125438579791485e-01
9.360000000000000000e+02 -4.118910917083424272e-01
9.430000000000000000e+02 -4.165301322982015719e-01
9.500000000000000000e+02 -4.211658682429954559e-01
9.560000000000000000e+02 -4.251363265843908779e-01
9.630000000000000000e+02 -4.297645317961462652e-01
9.700000000000000000e+02 -4.343879409837848593e-01
9.770000000000000000e+02 -4.390060421095963172e-01
9.840000000000000000e+02 -4.436183284203529253e-01
9.910000000000000000e+02 -4.482242985229824006e-01
9.980000000000000000e+02 -4.528234564579299848e-01
1.005000000000000000e+03 -4.574153117702740579e-01
1.012000000000000000e+03 -4.619993795785358182e-01
1.020000000000000000e+03 -4.672281639876623704e-01
1.027000000000000000e+03 -4.717939378349814139e-01
1.034000000000000000e+03 -4.763504372780738572e-01
1.041000000000000000e+03 -4.808972012086443759e-01
1.049000000000000000e+03 -4.860809981278771952e-01
1.056000000000000000e+03 -4.906053750018975479e-01
1.064000000000000000e+03 -4.957624176173150432e-01
1.071000000000000000e+03 -5.002623760212158155e-01
1.079000000000000000e+03 -5.053903767748144649e-01
1.087000000000000000e+03 -5.105019769432376231e-01
1.094000000000000000e+03 -5.149606854243924392e-01
1.102000000000000000e+03 -5.200398704181816711e-01
1.110000000000000000e+03 -5.251008996642183568e-01
1.118000000000000000e+03 -5.301431834983910685e-01
1.126000000000000000e+03 -5.351661431132268554e-01
1.134000000000000000e+03 -5.401692106165639773e-01
1.142000000000000000e+03 -5.451518290852974680e-01
1.150000000000000000e+03 -5.501134526142427150e-01
1.158000000000000000e+03 -5.550535463602042086e-01
1.167000000000000000e+03 -5.605847653186072366e-01
1.175000000000000000e+03 -5.654773831550776730e-01
1.183000000000000000e+03 -5.703468715256743149e-01
1.192000000000000000e+03 -5.757967907635880289e-01
1.200000000000000000e+03 -5.806155198468540002e-01
1.209000000000000000e+03 -5.860071389028355116e-01
1.217000000000000000e+03 -5.907730089290840203e-01
1.226000000000000000e+03 -5.961040262270247414e-01
1.235000000000000000e+03 -6.014020698994716474e-01
1.243000000000000000e+03 -6.060832806617204582e-01
1.252000000000000000e+03 -6.113174373070000556e-01
1.261000000000000000e+03 -6.165169561605350346e-01
1.270000000000000000e+03 -6.216812960845906622e-01
1.279000000000000000e+03 -6.268099338413394284e-01
1.288000000000000000e+03 -6.319023640446103096e-01
1.297000000000000000e+03 -6.369580991036641882e-01
1.307000000000000000e+03 -6.425319741051956912e-01
1.316000000000000000e+03 -6.475087201186074948e-01
1.325000000000000000e+03 -6.524473670989673346e-01
1.335000000000000000e+03 -6.578895641850190934e-01
1.344000000000000000e+03 -6.627464375605510716e-01
1.354000000000000000e+03 -6.680968154897718447e-01
1.363000000000000000e+03 -6.728702277815954425e-01
1.373000000000000000e+03 -6.781270012696842819e-01
1.383000000000000000e+03 -6.833338523066530001e-01
1.393000000000000000e+03 -6.884903611071025997e-01
1.403000000000000000e+03 -6.935961332098483645e-01
1.413000000000000000e+03 -6.986507992347400497e-01
1.423000000000000000e+03 -7.036540146286988096e-01
1.433000000000000000e+03 -7.086054594012460850e-01
1.443000000000000000e+03 -7.135048378499851962e-01
1.453000000000000000e+03 -7.183518782763747001e-01
1.464000000000000000e+03 -7.236228770556816237e-01
1.474000000000000000e+03 -7.283592283612884133e-01
1.485000000000000000e+03 -7.335079570442036845e-01
1.495000000000000000e+03 -7.381327403931606801e-01
1.506000000000000000e+03 -7.431583480466257274e-01
1.516000000000000000e+03 -7.476708935537582645e-01
1.527000000000000000e+03 -7.525727555386514389e-01
1.538000000000000000e+03 -7.574096228892095439e-01
1.549000000000000000e+03 -7.621814150617404193e-01
1.560000000000000000e+03 -7.668880815678734697e-01
1.571000000000000000e+03 -7.715296013802717123e-01
1.582000000000000000e+03 -7.761059823295307636e-01
1.594000000000000000e+03 -7.810241504399620949e-01
1.605000000000000000e+03 -7.854644809761426316e-01
1.616000000000000000e+03 -7.898398727029491972e-01
1.628000000000000000e+03 -7.945391059135473721e-01
1.639000000000000000e+03 -7.987791326220816668e-01
1.651000000000000000e+03 -8.033310753014593075e-01
1.663000000000000000e+03 -8.078065299061312210e-01
1.675000000000000000e+03 -8.122057866924780045e-01
1.687000000000000000e+03 -8.165291683622869501e-01
1.699000000000000000e+03 -8.207770290512828026e-01
1.711000000000000000e+03 -8.249497533155019102e-01
1.723000000000000000e+03 -8.290477551165887915e-01
1.735000000000000000e+03 -8.330714768070890397e-01
1.748000000000000000e+03 -8.373472310399296958e-01
1.760000000000000000e+03 -8.412177417357363796e-01
1.772000000000000000e+03 -8.450155041659928035e-01
1.785000000000000000e+03 -8.490482883043859452e-01
1.798000000000000000e+03 -8.529970647848132970e-01
1.811000000000000000e+03 -8.568625914047741654e-01
1.823000000000000000e+03 -8.603575594692459694e-01
1.836000000000000000e+03 -8.640652258196693802e-01
1.849000000000000000e+03 -8.676920189015293605e-01
1.863000000000000000e+03 -8.715083431323799035e-01
1.876000000000000000e+03 -8.749699550974839868e-01
1.889000000000000000e+03 -8.783534245107884608e-01
1.903000000000000000e+03 -8.819108393561775339e-01
1.916000000000000000e+03 -8.851350107426808611e-01
1.930000000000000000e+03 -8.885231052271813645e-01
1.944000000000000000e+03 -8.918251987900670530e-01
1.957000000000000000e+03 -8.948155174266104739e-01
1.971000000000000000e+03 -8.979553063187349915e-01
1.985000000000000000e+03 -9.010128139849785667e-01
2.000000000000000000e+03 -9.041988874889347327e-01
